0 0.259277 0.542318 0.092773 0.175781
0 0.419922 0.449870 0.146484 0.092448
0 0.645508 0.286458 0.291016 0.192708
0 0.739746 0.557292 0.131836 0.125000
4 0.509766 0.278533 0.153906 0.122283
4 0.683984 0.564538 0.071094 0.129076
4 0.361328 0.442255 0.113281 0.153533
4 0.217969 0.510190 0.078125 0.137228
2 0.434375 0.508152 0.029687 0.081522
2 0.248828 0.561141 0.013281 0.057065
1 0.278125 0.516984 0.118750 0.177989
1 0.396875 0.521060 0.151563 0.110054
1 0.572656 0.300272 0.226562 0.315217
1 0.733594 0.540082 0.128125 0.183424
2 0.600000 0.336957 0.040625 0.111413
1 0.309766 0.705842 0.032031 0.101902
1 0.353125 0.654212 0.031250 0.099185
1 0.773438 0.703125 0.037500 0.099185