0 0.454375 0.411351 0.046250 0.134146
0 0.564688 0.369137 0.028125 0.104128
0 0.672500 0.412758 0.048750 0.129456
4 0.715625 0.489810 0.070312 0.096467
4 0.484766 0.484375 0.088281 0.082880
1 0.892578 0.298913 0.096094 0.130435
1 0.721484 0.415082 0.052344 0.069293
1 0.740234 0.531250 0.074219 0.173913
1 0.580078 0.425272 0.047656 0.073370
1 0.594141 0.534647 0.071094 0.158967
1 0.519531 0.512228 0.071875 0.154891
1 0.489844 0.413043 0.045312 0.059783
1 0.116016 0.387908 0.063281 0.091033
1 0.092969 0.591712 0.115625 0.330163
0 0.170703 0.380435 0.044531 0.296196
4 0.151953 0.512228 0.072656 0.173913
2 0.680078 0.466712 0.024219 0.047554
1 0.893750 0.572690 0.168750 0.392663