1 0.398438 0.123641 0.167188 0.244565
1 0.190234 0.295516 0.103906 0.131793
1 0.276172 0.502038 0.185156 0.188859
1 0.151953 0.480978 0.119531 0.141304
1 0.609375 0.837636 0.265625 0.188859
3 0.514062 0.550272 0.046875 0.152174
3 0.503906 0.806386 0.045313 0.188859
3 0.703516 0.853940 0.080469 0.082880
3 0.592578 0.885870 0.142969 0.065217
0 0.140234 0.949728 0.094531 0.097826
2 0.210156 0.947690 0.067187 0.063859
2 0.213281 0.967391 0.064063 0.054348
1 0.146875 0.966712 0.071875 0.058424
1 0.132031 0.788043 0.264062 0.421196
1 0.407422 0.156250 0.289844 0.312500
0 0.581250 0.645380 0.625000 0.576087