0 0.787813 0.785185 0.074375 0.120635
0 0.547656 0.795516 0.081250 0.110054
0 0.664062 0.781250 0.106250 0.122283
0 0.464453 0.779212 0.083594 0.134511
0 0.156250 0.798234 0.076562 0.123641
0 0.290625 0.788043 0.078125 0.130435
1 0.866406 0.648098 0.081250 0.141304
1 0.808203 0.503397 0.071094 0.137228
1 0.719141 0.617527 0.078906 0.156250
1 0.467187 0.637908 0.076563 0.139946
1 0.618750 0.655571 0.062500 0.145380
1 0.345703 0.612772 0.082031 0.173913
1 0.074609 0.659647 0.066406 0.153533
0 0.455859 0.516304 0.061719 0.127717
0 0.585938 0.506114 0.071875 0.134511
0 0.191797 0.538723 0.082031 0.129076
4 0.153906 0.512908 0.046875 0.104620
0 0.898828 0.565217 0.110156 0.165761
1 0.616406 0.520380 0.064062 0.125000
1 0.706250 0.518342 0.071875 0.131793
1 0.280469 0.531250 0.076562 0.163043
1 0.276562 0.569293 0.039062 0.067935
1 0.366797 0.521739 0.072656 0.135870