0 0.026172 0.467685 0.052344 0.098708
0 0.058203 0.561104 0.116406 0.078731
0 0.109766 0.632785 0.219531 0.179788
0 0.281641 0.772033 0.236719 0.399530
0 0.387109 0.337838 0.049219 0.052879
0 0.500000 0.329025 0.037500 0.023502
0 0.517969 0.341950 0.032813 0.039953
0 0.545313 0.353114 0.053125 0.048178
0 0.593750 0.363102 0.059376 0.049354
0 0.654688 0.366040 0.057813 0.069330
0 0.707421 0.360164 0.067969 0.055229
0 0.758594 0.377791 0.059375 0.057580
0 0.839063 0.394242 0.089063 0.048178
0 0.908203 0.405993 0.077344 0.071680
0 0.975000 0.451234 0.048438 0.054054
4 0.339453 0.635190 0.110156 0.254076