1 0.653516 0.461277 0.096094 0.099185
1 0.498437 0.470788 0.046875 0.052989
1 0.431641 0.473505 0.033594 0.031250
1 0.499609 0.582201 0.071094 0.137228
1 0.426563 0.557745 0.046875 0.101902
0 0.397266 0.574728 0.057031 0.103261
0 0.479687 0.568614 0.112500 0.093750
0 0.693750 0.848505 0.206250 0.294837
1 0.657813 0.739130 0.140625 0.375000
1 0.350781 0.562500 0.040625 0.130435
1 0.276562 0.555027 0.032813 0.112772
1 0.315625 0.543478 0.028125 0.144022
1 0.293359 0.558424 0.025781 0.127717
2 0.655859 0.868886 0.046094 0.074728
2 0.489453 0.585598 0.019531 0.035326
2 0.404687 0.581522 0.012500 0.024457
4 0.597656 0.707880 0.109375 0.274457
4 0.523047 0.568614 0.044531 0.104620
4 0.431250 0.543478 0.046875 0.065217
0 0.338281 0.603940 0.015625 0.088315
0 0.271484 0.550951 0.039844 0.039402
1 0.544531 0.544158 0.042188 0.101902
1 0.537500 0.470109 0.025000 0.038043
1 0.362109 0.486413 0.024219 0.059783