0 0.542813 0.580037 0.315625 0.516007
0 0.866250 0.420904 0.265000 0.250470
0 0.192578 0.500000 0.196094 0.353261
1 0.228516 0.459918 0.113281 0.297554
1 0.212891 0.227582 0.071094 0.077446
1 0.498437 0.116848 0.131250 0.138587
1 0.837109 0.154212 0.083594 0.082880
1 0.924609 0.158967 0.066406 0.073370
1 0.731250 0.360054 0.076563 0.168478
1 0.734766 0.224185 0.039844 0.048913
1 0.496094 0.497283 0.200000 0.467391
2 0.177344 0.538043 0.034375 0.103261
2 0.853516 0.474864 0.036719 0.120924
4 0.696875 0.336957 0.060938 0.125000
4 0.789062 0.360054 0.090625 0.214674
1 0.845312 0.391984 0.146875 0.297554
1 0.951172 0.370245 0.080469 0.256793