0 0.320625 0.174977 0.140000 0.067733
0 0.945937 0.337724 0.106875 0.154281
0 0.260938 0.480299 0.489063 0.221467
0 0.716016 0.184783 0.107031 0.084239
0 0.603125 0.156250 0.070312 0.057065
1 0.376563 0.027174 0.037500 0.038043
1 0.376172 0.101902 0.052344 0.097826
1 0.551562 0.311141 0.140625 0.133152
3 0.426953 0.581522 0.164844 0.304348
3 0.343359 0.205842 0.025781 0.074728
1 0.460938 0.015625 0.021875 0.031250
1 0.505469 0.038723 0.017187 0.031250
1 0.505078 0.072011 0.027344 0.054348
1 0.459766 0.052989 0.032031 0.057065
4 0.386719 0.199049 0.054688 0.072011
4 0.557813 0.534647 0.290625 0.275815