0 0.314375 0.520833 0.121250 0.195652
0 0.729375 0.508152 0.047500 0.090580
1 0.592578 0.510870 0.091406 0.192935
1 0.600000 0.372283 0.070312 0.070652
1 0.317578 0.311141 0.085156 0.084239
1 0.318750 0.510870 0.101562 0.260870
1 0.841406 0.490489 0.065625 0.144022
0 0.839453 0.507473 0.066406 0.061141
0 0.537891 0.627717 0.057031 0.176630
2 0.726172 0.528533 0.019531 0.029891
0 0.898828 0.478261 0.063281 0.070652
1 0.900781 0.484375 0.046875 0.093750
4 0.883594 0.468750 0.028125 0.054348
4 0.815234 0.483696 0.042969 0.084239
4 0.276172 0.477582 0.083594 0.156250