0 0.107500 0.303007 0.091000 0.064661
0 0.316000 0.254136 0.094000 0.090225
0 0.499500 0.230075 0.183000 0.084210
0 0.806000 0.265413 0.232000 0.133835
1 0.416797 0.155571 0.082031 0.093750
1 0.719141 0.177989 0.092969 0.105978
1 0.652344 0.396060 0.142187 0.332880
1 0.392578 0.369565 0.142969 0.279891
1 0.263281 0.359375 0.121875 0.270380
1 0.298047 0.180027 0.077344 0.080163
1 0.190234 0.278533 0.058594 0.084239
1 0.098047 0.237092 0.060156 0.072011
1 0.063672 0.372962 0.097656 0.213315
1 0.153906 0.419837 0.095313 0.217391
4 0.717578 0.335598 0.150781 0.154891
4 0.433203 0.295516 0.155469 0.134511
4 0.294922 0.311141 0.116406 0.168478
4 0.091016 0.348505 0.091406 0.107337