0 0.406250 0.317542 0.401250 0.192308
0 0.448750 0.500469 0.452500 0.222326
4 0.575000 0.634511 0.335938 0.315217
1 0.742969 0.313859 0.239063 0.203804
1 0.659766 0.161685 0.175781 0.152174
1 0.501563 0.201766 0.117188 0.115489
1 0.544922 0.146060 0.077344 0.107337
1 0.392188 0.167120 0.079687 0.089674
1 0.301172 0.225543 0.082031 0.078804
1 0.220703 0.173234 0.067969 0.069293
1 0.158984 0.184783 0.080469 0.084239
0 0.103516 0.242527 0.182031 0.101902
0 0.144922 0.255435 0.133594 0.100543
0 0.211328 0.313179 0.174219 0.120924
1 0.810937 0.716712 0.375000 0.563859