0 0.121563 0.437829 0.243125 0.141857
0 0.324688 0.628721 0.180625 0.292469
0 0.382500 0.532400 0.148750 0.064799
0 0.685625 0.235114 0.323750 0.126970
1 0.573438 0.121603 0.104687 0.091033
1 0.520703 0.347826 0.144531 0.323370
1 0.266406 0.383152 0.071875 0.081522
1 0.291406 0.569293 0.142188 0.263587
1 0.429297 0.405571 0.074219 0.085598
1 0.610937 0.402174 0.071875 0.089674
2 0.662891 0.276495 0.039844 0.082880
2 0.168750 0.493886 0.046875 0.080163
4 0.177734 0.496603 0.135156 0.164402
4 0.566406 0.284647 0.168750 0.153533
1 0.658594 0.586957 0.175000 0.271739
4 0.382031 0.601902 0.123437 0.135870