0 0.059896 0.491211 0.119792 0.048828
0 0.082031 0.769532 0.164062 0.123047
0 0.143229 0.656739 0.286458 0.125977
0 0.153646 0.349121 0.307292 0.127930
0 0.207682 0.072265 0.415365 0.144531
0 0.244791 0.224609 0.411459 0.142578
0 0.315104 0.900879 0.395833 0.125976
0 0.310547 0.430664 0.329427 0.117188
0 0.361328 0.583496 0.389323 0.129883
0 0.379557 0.802734 0.394531 0.125000
0 0.489584 0.716309 0.388021 0.114258
0 0.500000 0.525390 0.338542 0.123047
0 0.566407 0.215820 0.390625 0.117187
0 0.686849 0.428711 0.381510 0.169922
0 0.699870 0.043945 0.355469 0.087891
0 0.813802 0.733887 0.283854 0.141602
0 0.825521 0.170898 0.260417 0.125000
0 0.854818 0.555176 0.134115 0.069336
0 0.930989 0.336425 0.135417 0.081055
0 0.956380 0.090332 0.084636 0.057618