0 0.271562 0.740150 0.435625 0.300188
0 0.605000 0.680581 0.352500 0.207317
0 0.878437 0.573171 0.241875 0.121951
1 0.145703 0.540082 0.163281 0.180707
1 0.491016 0.538723 0.108594 0.150815
1 0.644922 0.482337 0.091406 0.114130
1 0.765234 0.475543 0.069531 0.095109
1 0.371484 0.569973 0.185156 0.254076
1 0.549609 0.562500 0.167969 0.141304
2 0.585156 0.728261 0.048437 0.141304
4 0.484375 0.691576 0.251562 0.182065
4 0.645703 0.616848 0.163281 0.146739
2 0.708203 0.656250 0.036719 0.097826
2 0.853125 0.609375 0.032812 0.107337
0 0.732422 0.610054 0.244531 0.133152
4 0.100391 0.766984 0.200781 0.259511
2 0.241016 0.818614 0.063281 0.150815