0 0.344706 0.368182 0.689412 0.178182
0 0.727343 0.336277 0.463207 0.199728
0 0.601859 0.442935 0.418280 0.173913
4 0.680093 0.376359 0.189001 0.182065
4 0.122386 0.448370 0.241673 0.217391
1 0.102246 0.226223 0.196747 0.175272
1 0.543377 0.259511 0.129357 0.097826
1 0.427963 0.282609 0.144849 0.089674
1 0.760651 0.264266 0.102246 0.077446
1 0.692099 0.311141 0.109218 0.084239
2 0.301953 0.421875 0.092969 0.118207
0 0.869531 0.368207 0.259375 0.108696
2 0.791406 0.384511 0.042188 0.070652
4 0.787109 0.364130 0.150781 0.081522