0 0.644062 0.837242 0.695625 0.323640
0 0.598437 0.541276 0.531875 0.482176
1 0.130132 0.114810 0.192099 0.210598
1 0.327653 0.067935 0.131681 0.127717
1 0.498838 0.084239 0.080558 0.122283
1 0.577459 0.095788 0.067390 0.085598
1 0.162277 0.593071 0.312161 0.582880
1 0.310999 0.366168 0.174284 0.362772
1 0.456623 0.253397 0.135554 0.240489
1 0.641363 0.054348 0.049574 0.065217
1 0.701782 0.037364 0.049574 0.050272
0 0.762974 0.243886 0.291247 0.164402
4 0.405469 0.404212 0.248437 0.283967
4 0.387500 0.672554 0.501563 0.429348
4 0.593750 0.264266 0.115625 0.126359
0 0.717187 0.150136 0.101562 0.082880