0 0.366875 0.409055 0.177500 0.065354
0 0.494375 0.298032 0.323750 0.128347
0 0.655312 0.165748 0.306875 0.156692
2 0.727344 0.204484 0.035938 0.077446
2 0.524219 0.332201 0.032812 0.061141
2 0.500391 0.325408 0.025781 0.055707
0 0.455078 0.302310 0.233594 0.096467
4 0.564063 0.355978 0.140625 0.146739
4 0.509766 0.330163 0.107031 0.154891
4 0.415234 0.455842 0.099219 0.112772
4 0.342969 0.409647 0.071875 0.088315
2 0.323828 0.420516 0.025781 0.050272
0 0.229297 0.449049 0.107031 0.050272
4 0.254688 0.479620 0.051562 0.067935
3 0.703906 0.771739 0.054688 0.051630
0 0.162500 0.476223 0.090625 0.052989
0 0.131641 0.495924 0.075781 0.040761
0 0.104297 0.513587 0.050781 0.038043