0 0.629063 0.746879 0.698125 0.315551
0 0.570312 0.459137 0.344375 0.169126
4 0.350891 0.794837 0.365608 0.366848
1 0.322231 0.416440 0.199845 0.210598
1 0.146011 0.453125 0.160341 0.194293
1 0.455848 0.302989 0.081332 0.130435
2 0.574361 0.820652 0.070488 0.195652
2 0.462045 0.493886 0.047250 0.107337
1 0.355469 0.248641 0.053125 0.092391
1 0.207031 0.294837 0.067188 0.111413
1 0.136719 0.387908 0.090625 0.123641
1 0.291016 0.135870 0.053906 0.076087
0 0.402344 0.307065 0.135938 0.073370
0 0.450000 0.253397 0.150000 0.066576
1 0.357031 0.189538 0.056250 0.063859
1 0.118750 0.127038 0.045313 0.058424
1 0.411719 0.146739 0.032812 0.038043