0 0.387188 0.511278 0.529375 0.246241
4 0.185128 0.546875 0.336174 0.316576
1 0.249419 0.213995 0.204493 0.229620
1 0.177382 0.656929 0.303641 0.601902
2 0.407813 0.591033 0.076563 0.141304
2 0.264062 0.820652 0.065625 0.222826
2 0.313672 0.800272 0.052344 0.211957
0 0.599219 0.470109 0.118750 0.141304
0 0.600781 0.383152 0.084375 0.067935
0 0.604297 0.362772 0.060156 0.054348
1 0.545313 0.329484 0.045313 0.047554
1 0.504687 0.370924 0.075000 0.100543
1 0.375000 0.362092 0.048438 0.101902
0 0.396484 0.394022 0.036719 0.095109
4 0.376563 0.372283 0.040625 0.059783
4 0.567187 0.466033 0.084375 0.114130
4 0.484766 0.504755 0.125781 0.172554