0 0.427187 0.379101 0.223125 0.315839
0 0.713437 0.381912 0.171875 0.175258
1 0.414020 0.091033 0.099923 0.108696
1 0.694423 0.234375 0.061193 0.072011
1 0.787374 0.194293 0.037955 0.054348
1 0.830751 0.209239 0.045701 0.051630
1 0.826104 0.334918 0.084431 0.153533
1 0.691712 0.387228 0.077459 0.195652
1 0.634005 0.211277 0.039504 0.042120
1 0.513555 0.203125 0.035631 0.039402
1 0.270720 0.186141 0.056545 0.051630
1 0.263749 0.326766 0.095275 0.180707
0 0.269558 0.394022 0.114640 0.168478
2 0.413246 0.397418 0.044152 0.096467
2 0.699070 0.418478 0.039504 0.073370
4 0.346484 0.301630 0.130469 0.192935
4 0.233203 0.331522 0.069531 0.182065
2 0.269531 0.427310 0.025000 0.061141
4 0.792188 0.315897 0.053125 0.101902