0 0.282813 0.407084 0.058125 0.075833
0 0.405938 0.432500 0.214375 0.126666
0 0.555000 0.302500 0.080000 0.043334
0 0.664062 0.570416 0.239375 0.440833
0 0.730000 0.467500 0.081250 0.210000
1 0.625871 0.305027 0.089853 0.091033
1 0.720372 0.260870 0.058869 0.070652
1 0.423703 0.271739 0.097599 0.086957
1 0.335786 0.262228 0.068939 0.076087
1 0.637103 0.524457 0.124710 0.301630
1 0.414020 0.518342 0.126259 0.286685
1 0.739737 0.434103 0.088304 0.218750
2 0.623438 0.565217 0.056250 0.092391
0 0.254688 0.504755 0.062500 0.319293
0 0.834375 0.362092 0.071875 0.115489
4 0.807031 0.339674 0.053125 0.076087