0 0.657812 0.642589 0.574375 0.258912
2 0.623437 0.696332 0.062500 0.088315
2 0.744531 0.821332 0.101562 0.052989
2 0.648438 0.866848 0.095312 0.062500
2 0.746094 0.869565 0.101562 0.067935
2 0.840625 0.805027 0.095312 0.069293
3 0.868750 0.879076 0.034375 0.021739
3 0.675781 0.887908 0.029688 0.020380
3 0.697656 0.911005 0.028125 0.028533
3 0.804297 0.887908 0.013281 0.031250
3 0.847656 0.889946 0.014063 0.029891
3 0.786328 0.828125 0.016406 0.036685
3 0.789453 0.867527 0.016406 0.036685
3 0.539062 0.972147 0.039062 0.023098
3 0.496094 0.840353 0.035937 0.023098
0 0.753516 0.074728 0.242969 0.149457