0 0.738314 0.379566 0.495721 0.305035
0 0.143186 0.492103 0.286373 0.196446
0 0.329822 0.384501 0.200132 0.131293
0 0.438775 0.248767 0.182357 0.148075
2 0.735864 0.446332 0.061967 0.145380
1 0.597599 0.195652 0.155693 0.171196
1 0.313710 0.125000 0.139427 0.105978
1 0.303253 0.278533 0.135554 0.144022
1 0.055771 0.170516 0.096050 0.126359
1 0.226569 0.626359 0.186677 0.451087
1 0.513555 0.555027 0.204493 0.493207
2 0.424668 0.312500 0.051522 0.097222
4 0.370023 0.272917 0.088993 0.137500
4 0.580796 0.468750 0.240437 0.306944
4 0.311866 0.504861 0.199063 0.248611
4 0.069477 0.575000 0.137393 0.280556