0 0.320000 0.572033 0.537500 0.225047
0 0.603125 0.378531 0.468750 0.242938
0 0.821562 0.361111 0.295625 0.119586
0 0.761038 0.565217 0.265686 0.301630
4 0.124710 0.630435 0.240124 0.269022
2 0.275368 0.636549 0.075136 0.142663
2 0.551123 0.441576 0.034857 0.125000
2 0.792022 0.389946 0.034857 0.084239
4 0.698683 0.382473 0.164214 0.085598
1 0.631681 0.263587 0.089078 0.105978
1 0.682029 0.241168 0.062742 0.072011
1 0.362510 0.128397 0.116189 0.129076
1 0.151433 0.273098 0.160341 0.135870
2 0.693989 0.557639 0.039032 0.081944
4 0.654567 0.502778 0.200625 0.141667
4 0.434817 0.418056 0.315379 0.238889
1 0.387978 0.371528 0.229508 0.298611
1 0.142077 0.596528 0.251366 0.409722