0 0.781250 0.369090 0.235000 0.114711
0 0.218750 0.439142 0.262500 0.128722
0 0.561562 0.500000 0.194375 0.236428
0 0.656875 0.425131 0.191250 0.181261
1 0.341983 0.354620 0.072037 0.076087
1 0.502324 0.289402 0.078234 0.076087
2 0.539504 0.508152 0.036406 0.076087
2 0.250581 0.472826 0.039504 0.070652
2 0.631294 0.445652 0.026336 0.054348
2 0.778079 0.389946 0.030209 0.057065
1 0.704105 0.296196 0.055771 0.067935
1 0.586754 0.290082 0.051898 0.066576
1 0.391944 0.511549 0.102246 0.221467
1 0.488768 0.427310 0.100697 0.177989
1 0.575523 0.426630 0.068164 0.157609
1 0.688226 0.411685 0.079783 0.165761
4 0.488681 0.430556 0.112412 0.138889
4 0.297424 0.454167 0.206089 0.125000
4 0.587432 0.420833 0.094457 0.138889
4 0.713895 0.388194 0.113193 0.112500