0 0.535625 0.614525 0.367500 0.288640
0 0.197500 0.748137 0.150000 0.190875
0 0.175312 0.530726 0.081875 0.232775
1 0.782727 0.277174 0.031758 0.032609
1 0.452363 0.325408 0.037180 0.039402
1 0.106507 0.488451 0.061193 0.069293
1 0.390008 0.517663 0.109218 0.138587
1 0.314485 0.741168 0.187452 0.273098
1 0.102634 0.625000 0.124710 0.173913
1 0.469791 0.394022 0.058095 0.095109
1 0.793184 0.366168 0.052672 0.107337
4 0.425097 0.699042 0.186100 0.202462
2 0.194208 0.805746 0.037838 0.084815
4 0.172973 0.567715 0.080309 0.136799
0 0.479923 0.441860 0.098069 0.057456
0 0.811969 0.333105 0.099614 0.058824