0 0.195000 0.470812 0.092858 0.175127
0 0.288571 0.611675 0.045715 0.147208
0 0.785000 0.766498 0.427142 0.461929
0 0.740511 0.533967 0.041828 0.062500
0 0.943455 0.626359 0.034082 0.105978
1 0.525949 0.483696 0.035631 0.092391
1 0.212626 0.802989 0.177382 0.345109
1 0.240899 0.560462 0.102246 0.137228
1 0.113865 0.529212 0.075910 0.169837
0 0.068939 0.545516 0.060418 0.354620
4 0.491479 0.788723 0.301317 0.403533
4 0.960108 0.677310 0.065840 0.137228
4 0.307514 0.750679 0.114640 0.240489
4 0.140201 0.530571 0.086754 0.107337