0 0.423125 0.707271 0.350000 0.515580
0 0.639687 0.627007 0.541875 0.443815
4 0.199458 0.851902 0.319907 0.285326
2 0.345856 0.912364 0.067390 0.161685
4 0.466305 0.651495 0.218435 0.294837
4 0.321844 0.727582 0.211464 0.275815
4 0.642525 0.466712 0.264136 0.311141
0 0.661890 0.504755 0.216112 0.552989
0 0.821456 0.522418 0.349342 0.455163
1 0.721534 0.122283 0.116964 0.190217
1 0.616964 0.082201 0.175833 0.158967
1 0.436871 0.199728 0.170411 0.247283
1 0.342758 0.247962 0.226956 0.297554
1 0.209527 0.387908 0.251743 0.349185
0 0.891557 0.133152 0.161115 0.260870
2 0.589466 0.747283 0.068164 0.157609
2 0.875678 0.117527 0.033308 0.115489