1 0.516654 0.157609 0.184353 0.198370
1 0.721146 0.073370 0.103796 0.138587
1 0.739737 0.338315 0.162665 0.361413
1 0.561193 0.545516 0.259489 0.447011
1 0.382262 0.149457 0.072037 0.076087
0 0.258714 0.582201 0.075910 0.123641
1 0.278466 0.601223 0.048799 0.112772
1 0.151433 0.527174 0.070488 0.078804
1 0.057320 0.713315 0.113091 0.440217
1 0.177382 0.770380 0.119287 0.255435
0 0.624710 0.838315 0.691712 0.309783
3 0.537066 0.499316 0.196911 0.331053
3 0.574517 0.704514 0.183784 0.131327
3 0.541313 0.952804 0.058687 0.075239