0 0.252500 0.159369 0.372500 0.222417
0 0.370000 0.341944 0.268750 0.093696
0 0.449651 0.386549 0.182029 0.099185
0 0.495740 0.419837 0.147173 0.086957
4 0.107668 0.228261 0.185902 0.187500
4 0.258327 0.385870 0.147947 0.122283
4 0.348567 0.409647 0.117738 0.131793
4 0.412471 0.430027 0.115414 0.110054
4 0.457010 0.452446 0.091402 0.097826
1 0.096437 0.415082 0.171185 0.517663
1 0.242835 0.529891 0.118513 0.342391
1 0.347018 0.514266 0.083656 0.281250
1 0.405112 0.526495 0.068164 0.235054
1 0.447715 0.531929 0.071263 0.197011