0 0.825506 0.417073 0.313360 0.204878
0 0.535628 0.612195 0.319839 0.514634
0 0.135941 0.786005 0.195972 0.417120
4 0.229280 0.552310 0.250968 0.422554
1 0.192874 0.521060 0.233927 0.406250
1 0.494578 0.605978 0.178931 0.353261
1 0.706429 0.540082 0.195198 0.316576
1 0.697134 0.261549 0.127033 0.126359
1 0.481410 0.278533 0.118513 0.125000
1 0.152982 0.156929 0.154144 0.145380
4 0.404725 0.546875 0.158792 0.262228
4 0.711851 0.489130 0.221534 0.266304
2 0.484895 0.654212 0.055771 0.161685
2 0.831913 0.490489 0.048025 0.130435