0 0.087813 0.588345 0.079375 0.304511
0 0.455000 0.426692 0.045000 0.131579
0 0.590313 0.448308 0.043125 0.219925
0 0.741875 0.466166 0.102500 0.257519
4 0.675445 0.388587 0.109992 0.135870
4 0.559256 0.381114 0.072812 0.137228
4 0.434160 0.405571 0.037955 0.101902
4 0.094113 0.413043 0.076685 0.271739
2 0.075523 0.550951 0.039504 0.058424
2 0.726956 0.489130 0.034857 0.078804
2 0.585593 0.478261 0.021689 0.043478
2 0.445778 0.434103 0.024012 0.042120
1 0.464369 0.319293 0.042603 0.040761
1 0.438033 0.324728 0.034857 0.040761
1 0.609992 0.284647 0.054996 0.063859
1 0.703331 0.275136 0.069713 0.069293
1 0.663826 0.410326 0.080558 0.201087
1 0.586367 0.410326 0.082107 0.192935
1 0.365608 0.305707 0.035631 0.035326
1 0.372967 0.399457 0.053447 0.122283
0 0.371805 0.461277 0.060418 0.150815
4 0.349342 0.400815 0.034082 0.100543
0 0.321456 0.443614 0.040279 0.123641
1 0.340821 0.348505 0.034082 0.039402
1 0.152208 0.384511 0.127808 0.274457
1 0.181642 0.169837 0.084431 0.084239
4 0.331660 0.419289 0.040927 0.088919