0 0.233750 0.849550 0.447500 0.236036
0 0.396250 0.517567 0.192500 0.101801
0 0.417500 0.429729 0.142500 0.081081
0 0.478125 0.310360 0.063750 0.042343
0 0.484687 0.286937 0.040625 0.027928
4 0.495352 0.523777 0.160341 0.120924
4 0.426026 0.881114 0.404338 0.232337
4 0.496902 0.430707 0.113865 0.073370
4 0.498064 0.316576 0.052672 0.040761
2 0.302479 0.881793 0.092177 0.173913
2 0.423315 0.533967 0.042603 0.073370
2 0.448490 0.442255 0.030984 0.044837
2 0.484121 0.318614 0.020139 0.033967
1 0.696359 0.816576 0.340821 0.353261
1 0.603021 0.493207 0.192874 0.165761