0 0.609065 0.444062 0.494806 0.189375
0 0.209159 0.377812 0.221907 0.118125
1 0.865221 0.184103 0.074361 0.055707
1 0.898141 0.224864 0.075136 0.055707
1 0.900077 0.317255 0.128582 0.137228
0 0.918668 0.275815 0.150271 0.065217
0 0.040666 0.313859 0.081332 0.081522
2 0.534469 0.453125 0.071263 0.072011
1 0.506197 0.237772 0.147947 0.097826
1 0.523238 0.415082 0.222308 0.237772
1 0.211851 0.366168 0.163439 0.175272
1 0.202556 0.233016 0.106119 0.066576
4 0.411309 0.391304 0.196747 0.152174
4 0.118125 0.352582 0.093726 0.142663
4 0.833850 0.259511 0.115414 0.103261
2 0.204633 0.424761 0.049421 0.056088
2 0.930888 0.290014 0.034749 0.051984