0 0.328437 0.784240 0.229375 0.262664
0 0.352500 0.424953 0.098750 0.333958
0 0.776250 0.441369 0.105000 0.378049
2 0.761038 0.455842 0.039504 0.091033
2 0.313323 0.832880 0.048799 0.108696
2 0.339659 0.449049 0.036406 0.088315
2 0.477924 0.442935 0.029435 0.078804
0 0.489930 0.423234 0.126259 0.156250
1 0.261813 0.362092 0.094500 0.240489
4 0.458687 0.701094 0.080309 0.168263
0 0.466409 0.712038 0.089575 0.283174
4 0.738224 0.348153 0.067954 0.162791
4 0.453282 0.336525 0.063320 0.166895
4 0.335907 0.322845 0.061776 0.158687