0 0.233199 0.499008 0.466398 0.998016
0 0.403226 0.466270 0.096774 0.932540
0 0.678156 0.247283 0.127808 0.100543
0 0.683966 0.360054 0.131681 0.192935
0 0.680093 0.549592 0.134779 0.183424
0 0.683966 0.735054 0.131681 0.168478
0 0.677769 0.835598 0.131681 0.116848
0 0.870256 0.768342 0.175833 0.107337
0 0.876840 0.649457 0.170411 0.179348
0 0.861735 0.525136 0.168087 0.104620
0 0.867932 0.420516 0.163439 0.210598
0 0.864446 0.303668 0.175058 0.134511
0 0.867932 0.198370 0.158792 0.233696
0 0.855151 0.081522 0.161115 0.146739
0 0.357475 0.477582 0.135554 0.952446
0 0.328040 0.469429 0.132455 0.933424
0 0.269558 0.475543 0.144074 0.934783
0 0.221921 0.480978 0.171185 0.940217
0 0.156855 0.473505 0.143300 0.938859
0 0.093338 0.474864 0.146398 0.933424