0 0.241699 0.726471 0.483398 0.544117
0 0.517578 0.539706 0.408203 0.682353
0 0.817383 0.557352 0.361328 0.617647
1 0.646785 0.104620 0.167312 0.192935
1 0.815259 0.088995 0.160341 0.172554
1 0.330751 0.048234 0.229280 0.096467
1 0.110767 0.267663 0.215337 0.271739
4 0.362162 0.476060 0.308880 0.396717
4 0.049421 0.829001 0.098842 0.309166
1 0.645946 0.556088 0.267954 0.584131
1 0.345174 0.490424 0.270270 0.608755
1 0.177220 0.710670 0.354440 0.562244
1 0.822780 0.463748 0.212355 0.544460
4 0.672201 0.468536 0.295753 0.354309