0 0.068750 0.443750 0.098750 0.118750
0 0.211562 0.441797 0.101875 0.128906
0 0.499062 0.483984 0.074375 0.096094
0 0.578125 0.467578 0.051250 0.077344
0 0.607500 0.475390 0.043750 0.027343
0 0.689375 0.466407 0.056250 0.084375
0 0.759688 0.446094 0.075625 0.085937
0 0.866875 0.450391 0.147500 0.128906
1 0.212626 0.317255 0.042603 0.050272
1 0.209527 0.427989 0.064291 0.157609
1 0.092177 0.358696 0.034082 0.038043
1 0.091015 0.445652 0.056545 0.111413
1 0.822231 0.344429 0.039504 0.044837
1 0.740899 0.382473 0.031758 0.028533
1 0.680868 0.413723 0.024787 0.028533
1 0.741286 0.449049 0.043377 0.101902
1 0.829589 0.440897 0.065066 0.137228
1 0.679318 0.466033 0.038730 0.086957
1 0.557707 0.408288 0.023238 0.031250
1 0.553060 0.453125 0.034082 0.066576
1 0.575523 0.423913 0.013943 0.024457
1 0.573974 0.467391 0.020139 0.051630
1 0.487994 0.414402 0.023238 0.029891
1 0.485670 0.472147 0.044926 0.082880
4 0.474438 0.460598 0.031758 0.054348
4 0.554609 0.449728 0.034082 0.057065
4 0.667312 0.440217 0.028660 0.040761
4 0.730442 0.433424 0.048025 0.051630
4 0.812548 0.419158 0.069713 0.080163
4 0.244771 0.415082 0.049574 0.115489
4 0.118125 0.419158 0.054996 0.072011
0 0.040279 0.479620 0.037180 0.054348
1 0.029047 0.452446 0.033308 0.081522
4 0.029822 0.464674 0.024012 0.043478
1 0.327653 0.470788 0.021689 0.061141
2 0.083784 0.443228 0.020849 0.038304
2 0.754054 0.457592 0.016216 0.036936
2 0.682625 0.463064 0.015444 0.025992