0 0.059917 0.244791 0.119835 0.197917
0 0.359505 0.392709 0.217631 0.035417
0 0.073586 0.619565 0.145624 0.190217
4 0.090240 0.693614 0.177382 0.335598
0 0.570875 0.299592 0.249419 0.232337
4 0.635941 0.222147 0.099148 0.186141
1 0.730442 0.277853 0.066615 0.096467
1 0.806739 0.588995 0.096824 0.129076
1 0.663826 0.752717 0.130132 0.187500
1 0.465918 0.524457 0.079783 0.105978
1 0.316034 0.197011 0.074361 0.105978
1 0.748257 0.042799 0.038730 0.047554
1 0.759101 0.122962 0.061967 0.104620
1 0.742060 0.459918 0.085205 0.248641
1 0.576297 0.152174 0.066615 0.095109
1 0.592564 0.069973 0.054222 0.066576
1 0.564679 0.367527 0.099148 0.273098
1 0.901239 0.820652 0.166538 0.285326
4 0.387684 0.336277 0.099923 0.172554
1 0.510457 0.709239 0.123935 0.258152