0 0.561333 0.574000 0.216000 0.256000
0 0.317667 0.706000 0.058000 0.296000
1 0.775368 0.247962 0.086754 0.093750
1 0.783114 0.493886 0.176607 0.324728
1 0.553447 0.256114 0.078234 0.085598
1 0.503098 0.186141 0.070488 0.084239
1 0.550736 0.457880 0.113091 0.260870
1 0.474826 0.574728 0.150271 0.293478
1 0.468629 0.337636 0.094500 0.120924
1 0.246321 0.275136 0.091402 0.107337
1 0.235864 0.460598 0.172734 0.236413
4 0.310612 0.502717 0.060418 0.230978
4 0.463594 0.560462 0.132455 0.167120
2 0.545701 0.584918 0.034857 0.074728
2 0.305405 0.648427 0.027027 0.046512