0 0.342834 0.607013 0.685669 0.401451
0 0.443389 0.314994 0.047506 0.047158
0 0.559383 0.304716 0.065717 0.067714
0 0.629454 0.308948 0.041172 0.071342
0 0.703484 0.431681 0.053048 0.123337
0 0.843627 0.388755 0.173397 0.131801
0 0.497676 0.306386 0.050349 0.042120
1 0.719985 0.404891 0.076685 0.192935
1 0.828040 0.417120 0.069713 0.171196
1 0.831913 0.271060 0.048025 0.072011
1 0.736638 0.268342 0.046476 0.077446
1 0.357088 0.349864 0.182804 0.229620
1 0.442293 0.280571 0.027885 0.082880
1 0.496514 0.279212 0.032533 0.082880
1 0.560418 0.288723 0.033308 0.080163
1 0.582881 0.274457 0.024012 0.067935
0 0.652208 0.256793 0.063517 0.059783
1 0.629357 0.296875 0.033308 0.110054
1 0.980635 0.354620 0.034082 0.097826
1 0.954686 0.540082 0.089078 0.243207
1 0.687452 0.292120 0.034857 0.089674
4 0.470178 0.726223 0.189001 0.395380
3 0.415444 0.619699 0.163707 0.314637