0 0.136666 0.439885 0.217333 0.105203
0 0.130000 0.258381 0.182666 0.105203
0 0.179334 0.100000 0.153333 0.093642
0 0.192000 0.617919 0.170666 0.084393
0 0.325333 0.269364 0.184000 0.097110
0 0.310667 0.446243 0.146667 0.092486
0 0.404667 0.606936 0.196000 0.113295
0 0.394667 0.097688 0.173333 0.102890
0 0.504000 0.438728 0.178666 0.095954
0 0.506000 0.274566 0.150666 0.091329
0 0.612000 0.612138 0.173334 0.109827
0 0.608000 0.102312 0.144000 0.089018
0 0.699334 0.265896 0.214667 0.101734
0 0.694000 0.449133 0.137334 0.089018
0 0.802666 0.100000 0.197333 0.098266
0 0.811333 0.613295 0.161333 0.102890
0 0.893333 0.438150 0.184000 0.108671
0 0.901333 0.269364 0.168000 0.094798