0 0.750312 0.773079 0.319375 0.188865
0 0.235625 0.063778 0.421250 0.090909
0 0.177812 0.135659 0.290625 0.105004
0 0.205312 0.637773 0.341875 0.066244
0 0.208750 0.439746 0.346250 0.071882
0 0.225625 0.848837 0.380000 0.114870
0 0.212500 0.785060 0.351250 0.063425
0 0.254688 0.472516 0.370625 0.051444
0 0.398750 0.291755 0.380000 0.063425
0 0.445937 0.549331 0.364375 0.068358
0 0.505937 0.348132 0.356875 0.063425
0 0.778750 0.103241 0.358750 0.066949
0 0.776563 0.226568 0.339375 0.136012
0 0.782500 0.615575 0.311250 0.081043
0 0.803750 0.454545 0.351250 0.070473