0 0.511250 0.373015 0.180000 0.066293
4 0.575612 0.411280 0.089696 0.120406
1 0.568199 0.296578 0.055597 0.073511
1 0.822461 0.253485 0.051149 0.045627
1 0.888436 0.260456 0.049666 0.039290
0 0.854337 0.302281 0.055597 0.046895
4 0.853966 0.333967 0.034099 0.082383
1 0.890289 0.359316 0.063751 0.140684
1 0.782431 0.366286 0.082283 0.164766
1 0.565604 0.415716 0.097850 0.164766
1 0.520385 0.662231 0.057821 0.054499
1 0.601927 0.743346 0.134915 0.130545
0 0.433284 0.740811 0.178651 0.105196
2 0.521118 0.398889 0.028571 0.073333
3 0.472671 0.757778 0.022360 0.073333