0 0.173750 0.167509 0.132500 0.153199
0 0.069687 0.186027 0.129375 0.075758
0 0.291563 0.133838 0.076875 0.102693
0 0.519062 0.160774 0.078125 0.079125
0 0.421794 0.157795 0.096368 0.125475
0 0.674944 0.166667 0.055597 0.186312
0 0.805411 0.145754 0.058562 0.217997
0 0.921423 0.195184 0.056338 0.129278
4 0.919570 0.264892 0.108970 0.192649
4 0.799110 0.257288 0.127502 0.215463
4 0.672721 0.291508 0.110452 0.235741
4 0.557450 0.251584 0.097850 0.176172
4 0.462565 0.250951 0.091920 0.215463
4 0.340623 0.246515 0.100074 0.183777
4 0.237213 0.239544 0.114159 0.172370
4 0.143069 0.281369 0.100815 0.169835