0 0.498437 0.747181 0.305625 0.272557
1 0.204596 0.252218 0.117124 0.121673
1 0.588584 0.289607 0.078577 0.079848
1 0.968866 0.432826 0.059303 0.092522
1 0.896219 0.593156 0.151223 0.202788
0 0.868792 0.754119 0.096368 0.357414
2 0.866197 0.711027 0.054114 0.048162
4 0.904374 0.619772 0.090437 0.235741
4 0.492216 0.546895 0.075612 0.346008
1 0.537435 0.462611 0.131950 0.205323
1 0.627502 0.363752 0.049666 0.043093
1 0.613047 0.476553 0.060786 0.139417
1 0.178651 0.476553 0.163084 0.278834
4 0.065975 0.434094 0.128984 0.148289
0 0.111193 0.390368 0.166049 0.271229
0 0.306523 0.501267 0.042254 0.158428
4 0.315789 0.425222 0.040030 0.125475
1 0.343588 0.410013 0.064492 0.084918
1 0.358043 0.339670 0.037064 0.048162
1 0.041142 0.239544 0.071905 0.068441
1 0.042995 0.380228 0.081542 0.172370
3 0.453416 0.705000 0.037267 0.103333
3 0.171429 0.502778 0.147826 0.294444
0 0.564286 0.530000 0.044099 0.064444
1 0.576087 0.527778 0.027950 0.062222