0 0.791562 0.236097 0.391875 0.241951
0 0.435937 0.435122 0.081875 0.161952
4 0.669755 0.281369 0.251297 0.185044
4 0.402891 0.379594 0.060044 0.128010
4 0.288732 0.463878 0.028910 0.053232
0 0.295033 0.486692 0.045960 0.027883
1 0.316160 0.456907 0.054114 0.112801
1 0.269459 0.448035 0.045219 0.087452
1 0.664937 0.072877 0.114159 0.143219
1 0.634173 0.325729 0.169755 0.324461
1 0.165308 0.577313 0.042995 0.046895
1 0.105634 0.555767 0.028910 0.039290
1 0.103039 0.623574 0.071164 0.093790
1 0.178651 0.683777 0.085990 0.148289
1 0.440326 0.427757 0.088955 0.204056
1 0.469236 0.304816 0.047443 0.062104
2 0.698666 0.271229 0.046701 0.093790
2 0.412528 0.427757 0.022980 0.046895