0 0.214798 0.552500 0.045740 0.012500
0 0.626458 0.685000 0.513901 0.305000
0 0.421076 0.512500 0.026009 0.017500
0 0.526458 0.529375 0.105829 0.073750
0 0.535426 0.490625 0.017938 0.021250
0 0.680269 0.506250 0.031390 0.020000
0 0.752467 0.504375 0.021525 0.031250
4 0.838769 0.646388 0.301705 0.484157
1 0.865085 0.143219 0.252039 0.233207
1 0.600815 0.412548 0.067457 0.069708
1 0.435508 0.460076 0.036323 0.043093
1 0.263529 0.465146 0.039288 0.045627
1 0.281690 0.548796 0.068199 0.114068
2 0.778261 0.727778 0.079503 0.137778