0 0.300833 0.451298 0.338333 0.166667
0 0.631250 0.390692 0.282500 0.246753
4 0.209044 0.355513 0.136397 0.259823
1 0.314678 0.374525 0.200890 0.353612
1 0.388436 0.161597 0.084507 0.092522
1 0.298740 0.123574 0.108228 0.135615
1 0.604893 0.100760 0.109711 0.117871
1 0.532987 0.128010 0.100815 0.111534
1 0.762046 0.211027 0.097850 0.087452
0 0.779466 0.454373 0.196442 0.229404
4 0.841735 0.383397 0.082283 0.201521
4 0.674574 0.320025 0.151223 0.254753
1 0.587472 0.391635 0.183099 0.410646
1 0.769830 0.414449 0.119348 0.276299