0 0.109687 0.659005 0.219375 0.509381
0 0.437812 0.734052 0.324375 0.530019
0 0.758125 0.736398 0.288750 0.484053
2 0.822461 0.768695 0.060044 0.143219
2 0.534099 0.766160 0.095626 0.153359
2 0.139733 0.728137 0.094144 0.171103
1 0.926242 0.305450 0.144552 0.202788
1 0.655300 0.307985 0.177910 0.258555
1 0.304299 0.261724 0.191994 0.259823
1 0.046331 0.337136 0.088213 0.185044
1 0.097109 0.473384 0.123054 0.120406
4 0.262046 0.716096 0.316531 0.484157
4 0.114529 0.710393 0.126761 0.389100
4 0.598221 0.737009 0.237213 0.444867
0 0.968495 0.812421 0.060044 0.349810