0 0.464063 0.726079 0.340625 0.547842
0 0.137500 0.649625 0.275000 0.349906
0 0.809688 0.659474 0.379375 0.557223
1 0.795775 0.439797 0.194959 0.385298
1 0.492958 0.465779 0.176427 0.351077
1 0.273907 0.457541 0.138621 0.326996
1 0.122683 0.470215 0.172721 0.365019
1 0.124166 0.150190 0.131208 0.140684
1 0.259081 0.182510 0.120830 0.144487
1 0.489622 0.157161 0.126761 0.141952
1 0.588584 0.179341 0.112676 0.117871
1 0.786879 0.121673 0.131208 0.152091
1 0.686805 0.257288 0.098592 0.108999
1 0.446998 0.243346 0.108228 0.096324
1 0.962936 0.246515 0.071164 0.105196
1 0.856560 0.225602 0.120830 0.116603
4 0.704225 0.489861 0.133432 0.348542
4 0.376205 0.518378 0.123795 0.377693
4 0.039288 0.489227 0.075612 0.332066
0 0.935508 0.686946 0.118606 0.217997