0 0.348125 0.630414 0.447500 0.515066
0 0.304688 0.268362 0.078125 0.158192
0 0.382188 0.282956 0.096875 0.102637
0 0.705000 0.547081 0.432500 0.322034
0 0.688438 0.237759 0.094375 0.177966
0 0.754375 0.233521 0.057500 0.169491
0 0.823438 0.213748 0.065625 0.152543
0 0.962500 0.203861 0.063750 0.132769
1 0.682357 0.087452 0.046701 0.063371
1 0.819867 0.064005 0.045960 0.069708
1 0.766864 0.115970 0.051149 0.049430
1 0.957005 0.096324 0.045960 0.060837
1 0.587843 0.306084 0.145293 0.188847
1 0.195701 0.262991 0.220904 0.224335
1 0.383617 0.106464 0.046701 0.073511
1 0.337658 0.133714 0.045219 0.067174
1 0.289474 0.142586 0.049666 0.062104
1 0.164937 0.133080 0.052632 0.073511
1 0.473684 0.141952 0.047443 0.065906
1 0.583766 0.159696 0.049666 0.068441
1 0.548925 0.163498 0.036323 0.065906
4 0.138992 0.628010 0.266123 0.394170
4 0.544107 0.517110 0.204596 0.258555
1 0.684952 0.190114 0.059303 0.131812
1 0.830245 0.173638 0.053373 0.144487
1 0.462565 0.233207 0.066716 0.124208
1 0.396961 0.206591 0.058562 0.152091