0 0.683750 0.386130 0.180000 0.254921
0 0.170625 0.378163 0.050000 0.355202
0 0.275313 0.333646 0.125625 0.294283
0 0.440312 0.351921 0.148125 0.276476
0 0.560937 0.319119 0.140625 0.272728
1 0.691036 0.174271 0.072741 0.072243
1 0.552535 0.091888 0.080823 0.079848
1 0.411462 0.142586 0.073475 0.084918
1 0.257531 0.115970 0.084497 0.084918
1 0.126745 0.114068 0.113887 0.103929
1 0.098090 0.348542 0.125643 0.309252
1 0.241734 0.328264 0.124908 0.266160
1 0.410727 0.328897 0.124908 0.249683
1 0.537472 0.297212 0.113887 0.280101
1 0.688464 0.368821 0.111683 0.248416
1 0.856356 0.482256 0.141807 0.320659