0 0.126562 0.643527 0.090625 0.303940
0 0.359687 0.501876 0.069375 0.136960
0 0.515937 0.521107 0.063125 0.190432
0 0.680000 0.561445 0.018750 0.241088
1 0.169361 0.374525 0.072741 0.072243
1 0.383542 0.375158 0.044085 0.060837
1 0.504409 0.363118 0.052168 0.067174
1 0.580456 0.356147 0.052902 0.076046
1 0.720426 0.336502 0.069802 0.067174
1 0.729611 0.526616 0.088170 0.221800
1 0.581190 0.501901 0.089640 0.187579
1 0.512491 0.475919 0.078619 0.168568
1 0.389420 0.477820 0.067597 0.141952
1 0.174137 0.537389 0.121969 0.207858
4 0.348641 0.479721 0.050698 0.112801