0 0.584062 0.552064 0.240625 0.552533
0 0.801250 0.541744 0.323750 0.576923
2 0.858560 0.612801 0.268185 0.150824
2 0.586701 0.606464 0.238795 0.176172
0 0.371051 0.660330 0.168993 0.529785
0 0.441220 0.432826 0.099192 0.135615
0 0.148053 0.648289 0.287289 0.546261
0 0.314475 0.397338 0.096988 0.186312
0 0.213079 0.389734 0.138134 0.176172
3 0.520807 0.472778 0.113665 0.141111
2 0.416770 0.642778 0.081988 0.290000
2 0.221118 0.656111 0.119255 0.287778
2 0.337888 0.442222 0.052174 0.126667
2 0.239441 0.437222 0.059006 0.143333