0 0.096666 0.254667 0.101333 0.180445
0 0.308000 0.258222 0.218666 0.091556
0 0.669334 0.211556 0.430667 0.122667
0 0.741667 0.413333 0.200667 0.332445
1 0.748714 0.150190 0.124908 0.150824
1 0.522043 0.122940 0.143277 0.136882
1 0.247612 0.169835 0.092579 0.096324
1 0.166789 0.176172 0.092579 0.091255
1 0.263409 0.361850 0.156503 0.264892
1 0.499265 0.355513 0.156503 0.313054
1 0.762675 0.432193 0.161646 0.367554
1 0.113152 0.355513 0.108744 0.110266
4 0.132623 0.296578 0.112417 0.164766
4 0.253490 0.318758 0.174871 0.168568
4 0.518369 0.288973 0.218222 0.210393
4 0.843497 0.376426 0.170463 0.248416
1 0.074945 0.147655 0.076414 0.084918