0 0.489687 0.449134 0.316875 0.296537
0 0.143125 0.687771 0.140000 0.215368
0 0.923438 0.612013 0.111875 0.574676
2 0.950771 0.737009 0.070536 0.087452
2 0.436444 0.554499 0.057311 0.138150
4 0.083762 0.671103 0.124908 0.280101
1 0.759368 0.577313 0.163850 0.338403
1 0.745408 0.803549 0.091844 0.195184
1 0.344232 0.851077 0.112417 0.163498
1 0.144379 0.863118 0.130051 0.192649
1 0.453343 0.392269 0.167524 0.351077
1 0.155400 0.580482 0.155033 0.301648
4 0.450771 0.513308 0.225569 0.147022
4 0.880970 0.577313 0.129317 0.285171