0 0.130000 0.624180 0.105000 0.498594
0 0.189688 0.140113 0.041875 0.201499
0 0.392813 0.195407 0.064375 0.345829
0 0.540000 0.414714 0.353750 0.270853
2 0.549229 0.425222 0.085966 0.138150
1 0.433137 0.273764 0.116826 0.141952
1 0.132990 0.256020 0.110213 0.154626
1 0.308964 0.062738 0.088905 0.115336
1 0.461425 0.150190 0.105805 0.107731
4 0.411830 0.425856 0.190301 0.187579
4 0.070169 0.480355 0.118295 0.235741
1 0.229611 0.560203 0.178545 0.387833
1 0.140705 0.498733 0.153564 0.315589
1 0.414034 0.532953 0.180015 0.401774