0 0.256641 0.090278 0.158594 0.138889
0 0.464453 0.094444 0.214844 0.163889
0 0.657031 0.081250 0.179688 0.151389
0 0.782422 0.272917 0.191406 0.193056
0 0.601172 0.281944 0.169531 0.166667
0 0.439844 0.280556 0.170313 0.175000
0 0.290625 0.291667 0.153125 0.150000
0 0.142578 0.300000 0.144531 0.155556
0 0.098047 0.461111 0.177344 0.166667
0 0.267578 0.455556 0.216406 0.191667
0 0.430469 0.463889 0.182813 0.144444
0 0.556641 0.465972 0.149219 0.162500
0 0.711719 0.454861 0.207813 0.156944
0 0.070313 0.684028 0.135937 0.176389
0 0.229297 0.672917 0.192969 0.184722
0 0.397656 0.688194 0.175000 0.176389
0 0.603125 0.697222 0.223437 0.191667
0 0.105078 0.886806 0.185156 0.179167
0 0.854886 0.908112 0.210874 0.171103
0 0.642910 0.908745 0.202792 0.179975
0 0.444526 0.903676 0.179280 0.185044
0 0.271492 0.897972 0.178545 0.188847
0 0.855988 0.714195 0.268920 0.206591
0 0.880970 0.453105 0.233652 0.206591
0 0.930933 0.228137 0.136664 0.187579
0 0.885011 0.062738 0.184423 0.125475
0 0.080823 0.103929 0.161646 0.177440