0 0.445000 0.589840 0.755000 0.396990
2 0.557678 0.633080 0.073475 0.110266
0 0.458854 0.153992 0.362234 0.307985
4 0.726672 0.629911 0.240999 0.162231
4 0.530860 0.159062 0.116826 0.186312
2 0.466936 0.737643 0.116826 0.068441
3 0.549596 0.885298 0.032329 0.041825
3 0.515062 0.969582 0.022043 0.038023
3 0.487877 0.982890 0.036738 0.026616
3 0.423218 0.888466 0.020573 0.032953
3 0.350845 0.957541 0.028655 0.031686
3 0.314475 0.947402 0.024982 0.034221
3 0.220794 0.759823 0.028655 0.046895
3 0.379722 0.867222 0.380108 0.261111