0 0.339352 0.734584 0.539228 0.470833
2 0.265981 0.732573 0.133725 0.134347
4 0.140338 0.600127 0.280676 0.244613
1 0.325496 0.155894 0.130786 0.065906
1 0.386481 0.181876 0.085231 0.067174
1 0.513593 0.226869 0.096988 0.058302
1 0.714916 0.230672 0.066128 0.045627
1 0.875092 0.291508 0.054372 0.027883
1 0.833578 0.329531 0.078619 0.045627
1 0.787656 0.316857 0.054372 0.053232
1 0.783248 0.428390 0.157237 0.149556
1 0.878031 0.349810 0.072006 0.083650
1 0.894930 0.264892 0.030860 0.020279
1 0.840558 0.288973 0.033799 0.025349
1 0.699853 0.318758 0.085966 0.117871
0 0.481631 0.324461 0.222630 0.200253
1 0.268553 0.350444 0.240265 0.143219
1 0.300147 0.330798 0.199118 0.202788
1 0.386848 0.336502 0.097722 0.145754
4 0.398237 0.279468 0.129317 0.087452
0 0.583027 0.408745 0.066863 0.206591
1 0.528288 0.361850 0.119030 0.168568
0 0.891991 0.448669 0.055841 0.111534
4 0.858927 0.442332 0.117561 0.088720
2 0.458365 0.334444 0.045490 0.077778
2 0.569776 0.440556 0.050887 0.058889