0 0.240000 0.660546 0.388750 0.481168
2 0.286713 0.661597 0.191142 0.243346
4 0.382284 0.698986 0.343434 0.427123
1 0.427739 0.283904 0.202797 0.192649
1 0.504274 0.695817 0.289044 0.527250
1 0.294095 0.190748 0.067599 0.079848
1 0.769619 0.299113 0.106449 0.245881
1 0.296426 0.339670 0.098679 0.223067
1 0.072650 0.395437 0.123543 0.212928
1 0.090132 0.251584 0.079254 0.064639
1 0.664724 0.340938 0.056721 0.050697
0 0.670940 0.476553 0.106449 0.088720
1 0.666278 0.467681 0.100233 0.169835
3 0.325366 0.533333 0.077101 0.100000