0 0.191875 0.372420 0.177500 0.193246
0 0.468438 0.736867 0.123125 0.411820
4 0.424242 0.673638 0.080808 0.191381
4 0.888500 0.527883 0.177933 0.237009
4 0.259130 0.472117 0.163947 0.181242
1 0.355866 0.349176 0.068376 0.087452
1 0.625097 0.448035 0.072261 0.087452
1 0.680653 0.646388 0.124320 0.294043
1 0.510490 0.505070 0.087024 0.087452
1 0.518260 0.701521 0.160062 0.269962
1 0.899767 0.387833 0.083916 0.083650
0 0.841492 0.422687 0.087024 0.209125
1 0.914530 0.611534 0.144522 0.280101
1 0.303419 0.543093 0.123543 0.257288
1 0.302642 0.360583 0.076923 0.084918
1 0.355866 0.476553 0.077700 0.187579
1 0.071873 0.327630 0.072261 0.082383
1 0.077312 0.479721 0.132867 0.209125
1 0.019425 0.536122 0.038850 0.114068