0 0.256563 0.427909 0.173125 0.126673
0 0.563714 0.209125 0.198135 0.129278
0 0.680264 0.138150 0.167055 0.121673
2 0.684538 0.166033 0.024864 0.078580
2 0.554390 0.237009 0.028749 0.063371
2 0.358586 0.500000 0.034965 0.059569
2 0.225330 0.467047 0.031080 0.072243
1 0.324009 0.314956 0.060606 0.082383
1 0.499223 0.119138 0.069153 0.093790
1 0.618104 0.072243 0.066045 0.088720
1 0.149961 0.368821 0.077700 0.086185
1 0.036519 0.176172 0.073038 0.108999
1 0.025641 0.321926 0.051282 0.179975
0 0.025641 0.456274 0.043512 0.344740
0 0.371406 0.472117 0.167832 0.168568
1 0.592463 0.212294 0.101787 0.214195
1 0.484460 0.250317 0.101787 0.204056
1 0.313908 0.463878 0.111888 0.195184
1 0.276612 0.622940 0.038850 0.084918
1 0.111888 0.544360 0.135198 0.242079
4 0.221057 0.475285 0.137529 0.177440
4 0.299534 0.447402 0.089355 0.114068
4 0.488733 0.252218 0.108780 0.154626
4 0.621212 0.195817 0.115773 0.150824