0 0.305312 0.487805 0.480625 0.397748
0 0.520979 0.555767 0.407925 0.264892
0 0.558664 0.777567 0.203574 0.439797
2 0.473582 0.628010 0.058275 0.122940
2 0.264957 0.605830 0.069930 0.141952
1 0.121212 0.157161 0.163170 0.220532
1 0.366356 0.235108 0.160839 0.166033
1 0.457653 0.296578 0.147630 0.159696
1 0.552448 0.337136 0.114996 0.131812
1 0.695027 0.409379 0.097125 0.114068
1 0.599068 0.399240 0.082362 0.091255
1 0.720668 0.471483 0.092463 0.086185
1 0.617327 0.498099 0.109557 0.091255
2 0.638306 0.652725 0.050505 0.103929
0 0.865190 0.548796 0.250971 0.126743
0 0.827117 0.584918 0.260295 0.105196
0 0.724165 0.610266 0.337218 0.282636
0 0.697358 0.839670 0.170163 0.318124
2 0.668609 0.869455 0.062937 0.086185
0 0.820124 0.853612 0.123543 0.290241
2 0.792152 0.766793 0.048951 0.070976
0 0.852758 0.801014 0.156177 0.261090
4 0.421134 0.555767 0.287490 0.280101
4 0.189977 0.535488 0.379953 0.302915
4 0.701632 0.608999 0.184926 0.150824
1 0.110334 0.524081 0.211344 0.508238
1 0.320124 0.565272 0.194250 0.458809
4 0.689200 0.840304 0.125874 0.263625
2 0.515540 0.777567 0.080031 0.107731