0 0.820937 0.592870 0.328125 0.437149
1 0.598291 0.445501 0.226884 0.432193
1 0.672883 0.109632 0.132090 0.143219
1 0.388889 0.216730 0.083139 0.076046
1 0.325175 0.292142 0.067599 0.069708
1 0.117716 0.242079 0.087801 0.093790
1 0.063714 0.294043 0.127428 0.129278
1 0.093240 0.610900 0.172494 0.370089
1 0.127040 0.725602 0.254079 0.541191
1 0.144911 0.332066 0.052059 0.055767
1 0.228050 0.427757 0.056721 0.143219
1 0.172883 0.450570 0.070707 0.171103
1 0.135975 0.489227 0.090132 0.286439
1 0.212510 0.326996 0.045843 0.063371
1 0.263015 0.309886 0.038073 0.046895
1 0.272339 0.428390 0.050505 0.164766
1 0.351204 0.429658 0.099456 0.266160
4 0.381507 0.409379 0.135198 0.167300
2 0.441336 0.480989 0.049728 0.074778
0 0.449495 0.441698 0.143745 0.221800
2 0.785159 0.610900 0.064491 0.103929
4 0.679876 0.442332 0.247086 0.278834