0 0.062543 0.529583 0.104801 0.072500
0 0.317782 0.645417 0.131170 0.080833
0 0.426978 0.463750 0.065585 0.037500
0 0.588574 0.494167 0.058823 0.040000
0 0.751748 0.716096 0.160839 0.187579
2 0.597514 0.497465 0.015540 0.029151
2 0.430458 0.467047 0.015540 0.026616
2 0.331391 0.673638 0.033411 0.074778
2 0.075369 0.544360 0.023310 0.046895
4 0.106061 0.538657 0.072261 0.076046
4 0.363248 0.652091 0.097125 0.115336
4 0.817405 0.726236 0.160062 0.157161
2 0.754079 0.748416 0.042735 0.110266
4 0.616550 0.490494 0.053613 0.043093
4 0.445221 0.465779 0.043512 0.039290