2 0.487568 0.544360 0.103341 0.186312
2 0.612665 0.553866 0.056721 0.147022
2 0.687257 0.519645 0.048951 0.121673
2 0.743590 0.554499 0.038850 0.089987
2 0.788267 0.522814 0.038073 0.074778
0 0.523699 0.469582 0.703963 0.414449
0 0.661228 0.514575 0.519037 0.283904
0 0.815851 0.513942 0.284382 0.173638
0 0.859751 0.486692 0.205905 0.149556
0 0.870241 0.399873 0.163170 0.087452
4 0.261072 0.552598 0.354312 0.380228
1 0.210956 0.612801 0.310023 0.622307
1 0.823621 0.476553 0.113442 0.228137
4 0.463869 0.505070 0.248640 0.272497
4 0.594406 0.447402 0.170940 0.243346