0 0.440312 0.128060 0.220625 0.096045
0 0.613125 0.791432 0.500000 0.194915
0 0.676562 0.565442 0.046875 0.025423
1 0.373737 0.249049 0.149184 0.211660
1 0.367521 0.070342 0.079254 0.095057
1 0.239705 0.314956 0.129759 0.117871
1 0.144134 0.567807 0.275835 0.365019
1 0.430070 0.671103 0.104895 0.145754
1 0.324786 0.770596 0.197358 0.233207
4 0.412976 0.836502 0.207459 0.210393
3 0.655012 0.801648 0.052836 0.100127
3 0.568376 0.830165 0.053613 0.136882
4 0.348485 0.202788 0.117327 0.172370
1 0.640249 0.508872 0.023310 0.067174
1 0.641026 0.565272 0.048174 0.038023
3 0.566822 0.648923 0.097125 0.116603
3 0.579414 0.916111 0.323053 0.161111