0 0.346082 0.602778 0.393656 0.130556
0 0.073694 0.573611 0.147388 0.133334
0 0.756530 0.243056 0.389926 0.105555
2 0.733877 0.277567 0.047397 0.068441
2 0.396659 0.631812 0.058275 0.074778
4 0.451437 0.647655 0.239316 0.162231
1 0.400155 0.390368 0.211344 0.225602
4 0.598291 0.297212 0.264180 0.122940
1 0.560218 0.474651 0.111888 0.064639
1 0.586247 0.543726 0.123543 0.103929
1 0.461538 0.233840 0.125874 0.074778
2 0.016706 0.597592 0.030303 0.064639
4 0.033800 0.562738 0.067599 0.086185
1 0.563714 0.713561 0.277389 0.248416
1 0.057826 0.213889 0.023130 0.038889
1 0.022359 0.209444 0.021588 0.038889