0 0.532188 0.237782 0.335625 0.201128
0 0.434063 0.536654 0.320625 0.154136
0 0.813750 0.455827 0.345000 0.169173
2 0.165501 0.523447 0.077700 0.106464
2 0.385004 0.567174 0.042735 0.089987
2 0.537296 0.269962 0.055167 0.103929
1 0.452991 0.131812 0.082362 0.096324
1 0.361694 0.332700 0.084693 0.135615
1 0.168609 0.241445 0.093240 0.110266
4 0.090909 0.400507 0.141414 0.190114
4 0.439005 0.295944 0.147630 0.176172
4 0.311577 0.512674 0.121212 0.196451
2 0.776224 0.503169 0.034188 0.081115
4 0.732323 0.537389 0.252525 0.185044
0 0.182207 0.467047 0.229215 0.328264
1 0.127817 0.466413 0.167055 0.359949
1 0.367133 0.546261 0.160839 0.339670