0 0.335938 0.443503 0.173125 0.225989
0 0.696250 0.606874 0.407500 0.279661
0 0.784062 0.410546 0.134375 0.203390
4 0.705905 0.309252 0.131313 0.207858
4 0.523310 0.766793 0.261849 0.357414
4 0.272727 0.411280 0.160062 0.211660
1 0.282051 0.166033 0.133644 0.124208
1 0.205128 0.441698 0.174048 0.381496
1 0.340715 0.751584 0.342657 0.375158
1 0.494949 0.487326 0.191142 0.214195
2 0.704351 0.669835 0.086247 0.181242
2 0.741647 0.409379 0.038073 0.086185
1 0.646465 0.301014 0.150738 0.231939
1 0.723776 0.147655 0.084693 0.087452
2 0.378788 0.503802 0.034965 0.117871