0 0.674165 0.318493 0.471723 0.160959
0 0.973008 0.250856 0.051414 0.039384
3 0.640249 0.371356 0.023310 0.063371
3 0.872572 0.313054 0.048174 0.053232
0 0.493395 0.119138 0.172494 0.078580
0 0.573815 0.114702 0.137529 0.059569
0 0.628205 0.118504 0.131313 0.059569
0 0.707071 0.119138 0.125874 0.065906
0 0.771562 0.117871 0.133644 0.053232
3 0.797591 0.213561 0.024087 0.057034
0 0.816628 0.200253 0.104118 0.060837
0 0.863248 0.188213 0.097902 0.041825
3 0.751735 0.338889 0.057055 0.060000
3 0.582113 0.135000 0.069391 0.070000
3 0.443331 0.113333 0.027756 0.064444
3 0.618736 0.127222 0.023901 0.052222
3 0.734773 0.175556 0.029298 0.151111
3 0.393601 0.365556 0.080956 0.073333