0 0.647500 0.537992 0.358750 0.177299
0 0.645312 0.329268 0.228125 0.170732
0 0.567500 0.223734 0.055000 0.044090
0 0.768750 0.294559 0.067500 0.210132
2 0.645299 0.577947 0.047397 0.129278
4 0.500000 0.558302 0.195027 0.168568
4 0.547009 0.427757 0.074592 0.117871
1 0.493395 0.413181 0.118104 0.116603
1 0.439005 0.400507 0.085470 0.101394
1 0.429681 0.345374 0.090132 0.089987
1 0.320513 0.367554 0.104895 0.106464
1 0.419580 0.180608 0.068376 0.087452
1 0.525641 0.130545 0.073815 0.083650
1 0.309635 0.542459 0.126651 0.238276
1 0.466200 0.612167 0.144522 0.278834
0 0.684149 0.457541 0.109557 0.190114
4 0.749029 0.389100 0.045066 0.103929
1 0.706682 0.359949 0.069153 0.068441