0 0.432012 0.579214 0.637141 0.408112
2 0.421134 0.688847 0.082362 0.160963
1 0.588190 0.206591 0.203574 0.220532
1 0.716006 0.579848 0.379953 0.564005
1 0.954545 0.873891 0.076923 0.201521
0 0.960761 0.832066 0.064491 0.264892
1 0.459207 0.486058 0.271950 0.548796
2 0.703932 0.719444 0.080185 0.158889
2 0.662298 0.722778 0.058597 0.154444
2 0.626060 0.724444 0.063223 0.135556
2 0.398227 0.448889 0.048574 0.131111
2 0.367772 0.470000 0.041635 0.126667
0 0.341557 0.862778 0.075559 0.183333
1 0.381264 0.895000 0.147263 0.187778