0 0.169386 0.138150 0.327894 0.225602
0 0.257964 0.134347 0.329448 0.179975
3 0.467366 0.752852 0.132867 0.243346
3 0.629759 0.772497 0.146853 0.178707
3 0.800699 0.721800 0.153069 0.181242
3 0.371795 0.705957 0.094017 0.197719
3 0.390054 0.577313 0.066822 0.158428
3 0.431624 0.637516 0.103341 0.152091
3 0.464258 0.615970 0.108003 0.169835
3 0.704351 0.655894 0.121989 0.148289
3 0.691919 0.681242 0.132867 0.130545
3 0.873737 0.745247 0.108003 0.157161
3 0.479021 0.902408 0.182595 0.182510
3 0.672494 0.848542 0.131313 0.196451
3 0.787490 0.835868 0.151515 0.160963
3 0.856643 0.853612 0.123543 0.168568
3 0.540793 0.663498 0.138306 0.150824
3 0.578477 0.688213 0.143745 0.144487
3 0.419580 0.787072 0.091686 0.179975