0 0.113125 0.508458 0.226250 0.078947
0 0.144687 0.714286 0.289375 0.112782
0 0.211875 0.476973 0.118750 0.042293
0 0.239375 0.423872 0.110000 0.031955
0 0.255937 0.443139 0.040625 0.021616
0 0.278438 0.406485 0.046875 0.025376
0 0.294063 0.398967 0.021875 0.017857
0 0.297500 0.389097 0.011250 0.009399
1 0.846154 0.173638 0.245532 0.273764
1 0.943667 0.110266 0.066045 0.070976
1 0.561383 0.249049 0.131313 0.186312
1 0.289821 0.275665 0.079254 0.112801
1 0.390831 0.311153 0.051282 0.062104
1 0.628982 0.512674 0.179487 0.343473
1 0.879565 0.648289 0.236208 0.569075