0 0.791375 0.684411 0.215229 0.506971
0 0.662005 0.508872 0.149184 0.455006
0 0.700078 0.365653 0.147630 0.340938
0 0.699689 0.218631 0.131313 0.310520
0 0.578089 0.147022 0.111888 0.258555
0 0.462315 0.606464 0.192696 0.432193
0 0.269619 0.709125 0.194250 0.470215
0 0.189977 0.564005 0.174825 0.415716
0 0.217172 0.304183 0.126651 0.329531
0 0.204740 0.081749 0.075369 0.158428
0 0.240482 0.104563 0.089355 0.206591
0 0.414918 0.312421 0.167832 0.305450
0 0.349650 0.240811 0.133644 0.261090
0 0.340326 0.100127 0.096348 0.197719
0 0.410256 0.131179 0.114996 0.262357
0 0.478244 0.182510 0.143745 0.273764
0 0.837607 0.437896 0.184926 0.358682
0 0.944833 0.531686 0.107226 0.411914
0 0.943667 0.340938 0.109557 0.283904
0 0.936674 0.200253 0.101787 0.261090
0 0.885392 0.107731 0.109557 0.197719
0 0.110334 0.442966 0.136752 0.363752
0 0.040404 0.321926 0.080808 0.190114
0 0.156177 0.193916 0.116550 0.273764
0 0.122378 0.135615 0.094017 0.268695
0 0.089355 0.093790 0.096348 0.187579
0 0.694250 0.104563 0.098679 0.206591
0 0.845377 0.289607 0.139860 0.315589
0 0.804584 0.145754 0.115773 0.240811
1 0.660839 0.754119 0.089355 0.126743
1 0.824009 0.615970 0.081585 0.111534
1 0.688423 0.484157 0.080808 0.083650
1 0.583139 0.371990 0.059829 0.082383
1 0.719114 0.304183 0.061383 0.078580
1 0.715229 0.178707 0.050505 0.070976
1 0.707848 0.086819 0.051282 0.062104
1 0.904817 0.092522 0.048951 0.063371
1 0.818182 0.135615 0.051282 0.058302
1 0.950272 0.193283 0.051282 0.059569
1 0.973970 0.330798 0.045843 0.065906
1 0.868687 0.256020 0.062160 0.058302
1 0.853535 0.381496 0.058275 0.083650
1 0.214452 0.528517 0.071484 0.096324
1 0.304973 0.652091 0.083139 0.110266
1 0.027972 0.259823 0.048174 0.073511
1 0.107615 0.086185 0.042735 0.063371
1 0.257576 0.094423 0.042735 0.051965
1 0.214841 0.050063 0.048951 0.044360
1 0.351593 0.065272 0.044289 0.049430
1 0.294483 0.145754 0.045066 0.058302
1 0.236597 0.259823 0.047397 0.063371
1 0.127040 0.423321 0.059829 0.078580
1 0.099068 0.320025 0.053613 0.072243
1 0.404040 0.442332 0.076146 0.088720
1 0.435509 0.290875 0.050505 0.067174
1 0.367521 0.222433 0.057498 0.064639
1 0.517871 0.074144 0.044289 0.059569
1 0.489899 0.167300 0.045843 0.060837
1 0.428127 0.112167 0.051282 0.051965
1 0.593240 0.115970 0.048951 0.059569
1 0.597514 0.240811 0.060606 0.078580
1 0.494561 0.569708 0.069153 0.089987