0 0.162808 0.407408 0.325617 0.094907
0 0.282408 0.479745 0.483025 0.137731
0 0.356868 0.554398 0.361883 0.094908
0 0.327932 0.649884 0.126543 0.052083
0 0.510417 0.616898 0.269290 0.118056
0 0.658951 0.668982 0.492284 0.210649
2 0.718196 0.873333 0.119507 0.037778
2 0.711642 0.893333 0.118736 0.037778
2 0.717039 0.921667 0.123362 0.041111
2 0.685813 0.851667 0.117965 0.041111
2 0.683115 0.875556 0.112567 0.028889
2 0.681958 0.903333 0.113338 0.037778
2 0.581342 0.848333 0.107941 0.045556
2 0.525829 0.775000 0.104857 0.032222
2 0.526600 0.793889 0.109483 0.032222
2 0.521203 0.817222 0.114109 0.027778
2 0.467232 0.777778 0.095605 0.035556
2 0.403624 0.702222 0.093292 0.037778
2 0.381264 0.700000 0.088666 0.024444
2 0.400154 0.722222 0.098689 0.022222
2 0.403624 0.740556 0.090208 0.027778
2 0.381650 0.720556 0.087895 0.021111
2 0.380493 0.740556 0.087124 0.021111
2 0.338473 0.652778 0.092521 0.030000
2 0.322668 0.649444 0.091750 0.023333
2 0.322282 0.670000 0.089437 0.020000
2 0.319969 0.687222 0.083269 0.016667
2 0.338473 0.679444 0.090979 0.027778
2 0.337317 0.704444 0.087124 0.024444
2 0.326137 0.648889 0.069391 0.024444
2 0.274094 0.659444 0.070162 0.030000
2 0.242868 0.597222 0.101773 0.021111
2 0.240170 0.613333 0.091750 0.020000
2 0.240170 0.632222 0.087124 0.020000
2 0.188897 0.602778 0.069391 0.025556
2 0.149961 0.564444 0.084040 0.020000
2 0.152274 0.581111 0.079414 0.024444
2 0.149190 0.547778 0.077872 0.020000
2 0.107556 0.554444 0.063994 0.024444
3 0.186970 0.770556 0.270625 0.183333
4 0.766384 0.746667 0.280648 0.313333
4 0.597147 0.703889 0.235158 0.238889
4 0.464534 0.633889 0.195066 0.212222
4 0.440247 0.527778 0.154202 0.151111
4 0.231689 0.461111 0.198150 0.171111