0 0.518349 0.757197 0.524604 0.165207
0 0.540450 0.593867 0.305255 0.158949
0 0.485405 0.262203 0.185155 0.053817
0 0.591326 0.570713 0.370308 0.127659
0 0.486239 0.221527 0.150125 0.050062
0 0.512093 0.317897 0.118432 0.067585
0 0.597164 0.469336 0.281901 0.085107
0 0.501668 0.387985 0.057548 0.027534
0 0.542536 0.421152 0.109257 0.053817
1 0.130686 0.716111 0.259830 0.405556
1 0.120663 0.571667 0.241326 0.321111
1 0.124518 0.425000 0.249036 0.232222
1 0.104857 0.362778 0.209715 0.170000
1 0.421357 0.403333 0.138011 0.166667
1 0.291056 0.448889 0.153431 0.140000
1 0.322668 0.553889 0.175019 0.238889
1 0.354665 0.231111 0.081727 0.108889
1 0.294140 0.300000 0.096376 0.100000
1 0.416345 0.328333 0.121820 0.125556