0 0.020302 0.300312 0.031162 0.119375
0 0.191691 0.484687 0.141643 0.314375
0 0.686025 0.328750 0.474977 0.168750
2 0.657672 0.335000 0.053971 0.072222
0 0.062452 0.273333 0.037008 0.148889
1 0.335004 0.326111 0.164225 0.167778
1 0.342714 0.197222 0.105628 0.056667
1 0.216654 0.131667 0.103315 0.058889
1 0.220123 0.227222 0.138011 0.087778
1 0.191210 0.385556 0.180416 0.235556
1 0.526214 0.371667 0.213570 0.214444
1 0.511951 0.234444 0.152660 0.088889
4 0.500000 0.361111 0.216654 0.164444
4 0.119507 0.411667 0.177332 0.230000
1 0.101773 0.173333 0.078643 0.066667
1 0.026985 0.152222 0.049345 0.033333
1 0.021203 0.180556 0.042406 0.050000