2 0.616037 0.443889 0.052429 0.076667
2 0.828836 0.581667 0.055513 0.141111
1 0.531611 0.071111 0.105628 0.104444
1 0.831534 0.114444 0.121049 0.164444
1 0.310332 0.113333 0.093292 0.093333
1 0.035466 0.093889 0.070933 0.078889
1 0.217039 0.282778 0.139553 0.176667
1 0.230532 0.544444 0.188126 0.302222
1 0.864302 0.389444 0.226677 0.352222
0 0.817656 0.473889 0.218196 0.407778
0 0.622591 0.381111 0.282961 0.251111
0 0.425212 0.610000 0.309175 0.208889
0 0.393601 0.387778 0.158057 0.333333
1 0.605628 0.311111 0.239784 0.366667
1 0.439476 0.113889 0.092521 0.187778
0 0.104086 0.307222 0.115652 0.076667
1 0.329607 0.309444 0.136469 0.218889