0 0.499479 0.549635 0.494792 0.459854
2 0.443331 0.584444 0.060139 0.128889
2 0.763300 0.773333 0.030840 0.093333
4 0.686970 0.701111 0.123362 0.186667
4 0.304934 0.570556 0.255204 0.365556
1 0.394757 0.603889 0.235929 0.490000
2 0.490748 0.698889 0.071704 0.171111
2 0.431766 0.707778 0.053971 0.164444
2 0.386662 0.707222 0.051658 0.167778
1 0.747494 0.755000 0.168851 0.327778
1 0.382421 0.214444 0.143408 0.153333
1 0.719738 0.517778 0.079414 0.102222
0 0.783346 0.740556 0.228219 0.192222
1 0.385505 0.737778 0.282190 0.233333