0 0.896667 0.706231 0.160000 0.249259
0 0.055834 0.633531 0.048333 0.406528
0 0.220000 0.451039 0.213334 0.255193
0 0.293333 0.632047 0.200000 0.255193
0 0.617500 0.675075 0.148334 0.299703
0 0.660000 0.397626 0.120000 0.160238
0 0.784166 0.688427 0.178333 0.296736
0 0.850000 0.430267 0.193334 0.183976
2 0.888204 0.727778 0.038551 0.068889
2 0.750578 0.679444 0.020817 0.054444
2 0.664996 0.440556 0.036237 0.052222
2 0.269854 0.661111 0.032382 0.060000
2 0.190825 0.452222 0.037779 0.051111
2 0.353894 0.473889 0.027756 0.078889
2 0.339630 0.469444 0.025443 0.072222
2 0.316114 0.470556 0.026214 0.076667
4 0.765227 0.405000 0.068620 0.125556
4 0.843485 0.669444 0.055513 0.118889
4 0.702390 0.616667 0.078643 0.122222
1 0.603701 0.601667 0.095605 0.165556
1 0.728604 0.637222 0.092521 0.167778
1 0.879337 0.680000 0.087124 0.166667
1 0.794140 0.420556 0.095605 0.156667
1 0.666924 0.429444 0.090979 0.165556
1 0.247880 0.634444 0.116423 0.197778
4 0.219738 0.582778 0.086353 0.107778
2 0.223207 0.661667 0.022359 0.072222
2 0.245181 0.666667 0.024672 0.073333
2 0.723593 0.686667 0.023901 0.073333
2 0.570162 0.633889 0.023901 0.063333
2 0.587124 0.636667 0.019275 0.071111
2 0.602930 0.632778 0.015420 0.065556
2 0.112953 0.687222 0.026985 0.070000
2 0.189283 0.497778 0.022359 0.055556
2 0.206245 0.492778 0.020817 0.065556
2 0.222822 0.494444 0.023130 0.057778
4 0.624518 0.386111 0.069391 0.121111
4 0.156130 0.425556 0.070162 0.126667
4 0.041635 0.607778 0.074017 0.128889
4 0.365844 0.615556 0.080956 0.148889
4 0.638782 0.616111 0.060910 0.158889