0 0.200313 0.418855 0.281875 0.331145
0 0.373750 0.297374 0.271250 0.170731
0 0.603125 0.768293 0.171250 0.328330
2 0.351581 0.336667 0.038551 0.071111
2 0.195066 0.473889 0.043177 0.116667
1 0.286816 0.378889 0.146492 0.237778
1 0.111411 0.355556 0.190439 0.271111
1 0.129915 0.158889 0.110254 0.124444
1 0.278720 0.185000 0.093292 0.103333
1 0.696608 0.363889 0.156515 0.165556
1 0.829221 0.599444 0.286045 0.392222
4 0.277564 0.338333 0.135698 0.150000
4 0.106785 0.339444 0.208944 0.221111
4 0.696222 0.700556 0.158828 0.225556