0 0.660156 0.809839 0.615234 0.330397
2 0.606626 0.830000 0.070830 0.140000
4 0.447068 0.862222 0.251333 0.257778
1 0.204494 0.092778 0.061691 0.058889
1 0.204113 0.181111 0.060929 0.148889
4 0.181264 0.187222 0.054836 0.112222
0 0.166794 0.211667 0.048743 0.110000
0 0.311500 0.387222 0.086824 0.047778
4 0.274181 0.397778 0.062452 0.037778
1 0.274181 0.368889 0.031988 0.040000
1 0.232673 0.388333 0.061691 0.045556
1 0.134425 0.381667 0.063214 0.050000
1 0.424219 0.538333 0.181264 0.196667
1 0.197258 0.783889 0.368621 0.407778