0 0.255312 0.674059 0.240625 0.087866
0 0.516875 0.535983 0.190000 0.263598
0 0.610313 0.438076 0.140625 0.203347
0 0.847500 0.576151 0.303750 0.126360
4 0.453922 0.483333 0.103580 0.135556
0 0.321782 0.640000 0.038842 0.100000
4 0.317212 0.591111 0.043412 0.120000
1 0.621097 0.517222 0.096725 0.165556
1 0.487433 0.491111 0.106626 0.184444
1 0.368241 0.478333 0.089109 0.172222
1 0.369383 0.372222 0.063976 0.068889
1 0.485149 0.348889 0.057883 0.077778
1 0.629474 0.393889 0.064737 0.078889
1 0.736481 0.482222 0.062452 0.088889
4 0.711348 0.541667 0.092917 0.096667
1 0.284082 0.391667 0.080731 0.078889
1 0.281036 0.496667 0.109673 0.155556