0 0.892612 0.146667 0.213252 0.217778
0 0.945545 0.318889 0.105864 0.182222
0 0.933359 0.713333 0.130236 0.197778
0 0.864433 0.532778 0.237624 0.210000
0 0.760091 0.377778 0.234577 0.208889
0 0.649276 0.221667 0.235339 0.214444
0 0.788271 0.049444 0.240670 0.098889
0 0.520564 0.091667 0.232292 0.181111
0 0.254760 0.152222 0.233816 0.204444
0 0.362529 0.309444 0.234577 0.210000
0 0.482102 0.457222 0.211729 0.181111
0 0.608530 0.605000 0.230008 0.201111
0 0.714014 0.757778 0.230769 0.202222
0 0.821782 0.906667 0.230008 0.184444
0 0.225819 0.536667 0.201828 0.191111
0 0.122239 0.372778 0.215537 0.183333
0 0.059406 0.197222 0.118812 0.143333
0 0.139375 0.048889 0.225438 0.097778