0 0.120313 0.644724 0.021875 0.264239
0 0.236250 0.570495 0.056250 0.382820
0 0.337812 0.665733 0.069375 0.593838
0 0.505938 0.464052 0.131875 0.285714
0 0.831250 0.345472 0.336250 0.237161
4 0.425362 0.480000 0.159177 0.222222
4 0.716679 0.362778 0.290937 0.294444
4 0.325209 0.640556 0.108149 0.325556
4 0.223534 0.540556 0.130236 0.158889
4 0.116527 0.579444 0.073115 0.167778
1 0.172887 0.485556 0.127951 0.220000
1 0.277989 0.514444 0.135567 0.317778
1 0.367479 0.506111 0.113481 0.343333
1 0.508759 0.557778 0.194973 0.466667
1 0.736862 0.527778 0.297791 0.602222
2 0.425743 0.682778 0.038081 0.165556
2 0.459254 0.696667 0.048743 0.164444
2 0.544174 0.715000 0.064737 0.152222
1 0.774562 0.132222 0.175171 0.177778
1 0.511043 0.217778 0.150800 0.160000
1 0.367098 0.255000 0.121858 0.150000
1 0.259330 0.280556 0.105864 0.130000
1 0.178599 0.326667 0.076923 0.091111
1 0.079970 0.492778 0.054836 0.116667