0 0.060000 0.408750 0.120000 0.072500
0 0.062500 0.298125 0.125000 0.061250
0 0.073333 0.355625 0.146667 0.066250
0 0.073333 0.478750 0.146667 0.072500
0 0.083334 0.691875 0.166667 0.036250
0 0.088333 0.650000 0.176667 0.072500
0 0.090833 0.593750 0.181667 0.070000
0 0.091666 0.540000 0.183333 0.072500
0 0.240000 0.649375 0.240000 0.083750
0 0.260000 0.485625 0.223334 0.098750
0 0.266667 0.593750 0.203333 0.082500
0 0.262500 0.431875 0.191666 0.083750
0 0.305000 0.380000 0.220000 0.095000
0 0.246667 0.258125 0.046667 0.011250
0 0.596667 0.588750 0.410000 0.145000
0 0.421666 0.264375 0.036667 0.013750
0 0.639166 0.386875 0.348333 0.113750
0 0.635833 0.303750 0.321667 0.080000
0 0.637500 0.476250 0.315000 0.107500
0 0.521667 0.359375 0.046667 0.016250
0 0.526667 0.287500 0.046667 0.012500
0 0.535000 0.408125 0.053334 0.013750
0 0.650000 0.658750 0.256666 0.100000
0 0.661666 0.553125 0.253333 0.071250
0 0.659166 0.730625 0.238333 0.051250
0 0.865000 0.573750 0.266666 0.112500
0 0.879166 0.421875 0.238333 0.098750
0 0.881667 0.276875 0.233333 0.056250
0 0.887500 0.340625 0.221666 0.053750
0 0.895000 0.498125 0.206666 0.088750
0 0.899166 0.672500 0.198333 0.107500
0 0.825833 0.649375 0.048333 0.013750
0 0.832500 0.585000 0.058334 0.017500
0 0.837500 0.491875 0.058334 0.013750
0 0.840834 0.428750 0.051667 0.015000
0 0.849166 0.295625 0.058333 0.013750
0 0.847500 0.354375 0.048334 0.011250
4 0.378522 0.536667 0.214775 0.177778
0 0.268850 0.546667 0.220868 0.095556
2 0.649657 0.321111 0.042650 0.055556
2 0.625286 0.404444 0.041127 0.051111
2 0.635567 0.502778 0.046458 0.045556
2 0.613100 0.619444 0.054836 0.041111
2 0.635567 0.674444 0.034273 0.046667
2 0.946687 0.611111 0.051790 0.060000
2 0.963442 0.516111 0.047220 0.054444
2 0.916984 0.453889 0.047220 0.054444
2 0.263138 0.668333 0.049505 0.056667
2 0.319117 0.575000 0.047220 0.056667
2 0.276085 0.513889 0.043412 0.056667
2 0.270373 0.449444 0.062452 0.052222
2 0.317974 0.399444 0.049505 0.056667
2 0.386519 0.331667 0.063214 0.056667