0 0.672215 0.756182 0.654290 0.485658
0 0.479194 0.457962 0.145327 0.227497
2 0.464585 0.512778 0.038081 0.078889
3 0.729246 0.631667 0.107388 0.063333
1 0.194212 0.392778 0.243717 0.363333
2 0.295887 0.497778 0.047982 0.122222
2 0.257807 0.500556 0.044935 0.130000
2 0.208682 0.502778 0.056359 0.158889
1 0.390327 0.239444 0.081493 0.094444
1 0.237624 0.102778 0.137091 0.150000
4 0.341584 0.566111 0.169840 0.258889
1 0.383092 0.417222 0.132521 0.227778
4 0.431455 0.422778 0.076923 0.147778
3 0.205255 0.823889 0.165270 0.270000