0 0.181250 0.523359 0.308750 0.225807
0 0.380000 0.355951 0.483750 0.282536
0 0.521250 0.448832 0.571250 0.428254
0 0.190023 0.296667 0.366337 0.148889
0 0.327875 0.291667 0.380046 0.154444
2 0.222011 0.566667 0.081493 0.166667
2 0.441356 0.564444 0.134806 0.240000
2 0.615765 0.533333 0.143945 0.280000
2 0.381569 0.394444 0.105103 0.217778
1 0.116527 0.390000 0.190404 0.433333
4 0.671363 0.523333 0.380046 0.462222
4 0.520183 0.250000 0.144707 0.077778
4 0.265804 0.552222 0.210206 0.251111
1 0.908606 0.573333 0.179741 0.726667
1 0.776466 0.705556 0.242955 0.528889