0 0.299375 0.784394 0.515000 0.281314
0 0.749375 0.481006 0.500000 0.189938
3 0.735720 0.343889 0.082254 0.127778
0 0.756664 0.245556 0.200305 0.077778
1 0.649657 0.148333 0.109673 0.132222
1 0.246002 0.218333 0.141660 0.178889
1 0.129094 0.449444 0.258187 0.445556
1 0.565499 0.315556 0.124143 0.188889
1 0.410891 0.386111 0.226200 0.276667
1 0.548363 0.220000 0.194973 0.206667
4 0.548743 0.551111 0.233816 0.213333
2 0.277989 0.826667 0.057883 0.120000
3 0.364052 0.901111 0.426504 0.195556
3 0.709444 0.630556 0.354151 0.190000
1 0.822163 0.343889 0.185072 0.130000