0 0.155762 0.572794 0.127930 0.172059
0 0.556152 0.857352 0.350586 0.282353
0 0.611816 0.390441 0.088867 0.095588
0 0.886718 0.771324 0.224609 0.263235
0 0.961914 0.550736 0.074218 0.142647
1 0.505712 0.466111 0.138614 0.143333
4 0.608530 0.406667 0.089871 0.073333
4 0.438690 0.864444 0.170602 0.213333
2 0.533130 0.908889 0.044174 0.080000
4 0.948591 0.507222 0.070830 0.127778
4 0.145088 0.563889 0.075400 0.096667
1 0.177837 0.492778 0.113481 0.172222
1 0.270754 0.368889 0.121097 0.106667
1 0.169078 0.356667 0.065499 0.073333
1 0.020944 0.389444 0.040366 0.054444
1 0.029322 0.637222 0.058644 0.210000
1 0.443260 0.292222 0.051790 0.062222
1 0.614242 0.258889 0.054075 0.060000
1 0.722772 0.217778 0.044174 0.055556
1 0.913938 0.216667 0.063976 0.086667
1 0.852247 0.219444 0.038081 0.041111
1 0.767708 0.225000 0.045697 0.036667
1 0.922315 0.392222 0.108149 0.235556
0 0.847677 0.322222 0.059406 0.111111
4 0.842727 0.315000 0.061691 0.070000
1 0.543412 0.783889 0.249048 0.398889
1 0.312262 0.629444 0.185834 0.330000
4 0.762757 0.667778 0.133283 0.233333
1 0.684692 0.236111 0.035034 0.041111
1 0.453542 0.383333 0.099772 0.137778
1 0.522087 0.273333 0.044935 0.040000