0 0.115312 0.513182 0.134375 0.171375
0 0.387188 0.592279 0.180625 0.152542
0 0.589063 0.420904 0.135625 0.156308
0 0.825312 0.372410 0.229375 0.125235
4 0.531226 0.476111 0.107388 0.147778
4 0.851866 0.448889 0.154608 0.208889
1 0.926123 0.305000 0.077685 0.092222
1 0.916222 0.505556 0.150800 0.280000
2 0.926885 0.587778 0.038081 0.095556
2 0.827113 0.409444 0.039604 0.078889
1 0.573877 0.308889 0.090632 0.093333
2 0.578446 0.483889 0.054075 0.110000
2 0.405941 0.652222 0.042650 0.108889
4 0.458111 0.623889 0.162224 0.158889
2 0.386900 0.807222 0.039604 0.116667
2 0.415461 0.811667 0.044935 0.110000
1 0.447068 0.685556 0.213252 0.377778
1 0.432597 0.415556 0.099010 0.122222
1 0.193831 0.385000 0.121097 0.116667
4 0.164128 0.605000 0.153085 0.203333
1 0.228865 0.662778 0.218583 0.394444