0 0.325937 0.750000 0.381875 0.229324
0 0.474062 0.779135 0.129375 0.063910
0 0.635625 0.727913 0.193750 0.111843
0 0.686250 0.717105 0.200000 0.082707
0 0.709375 0.685620 0.210000 0.081767
0 0.723125 0.659775 0.151250 0.090225
0 0.774687 0.639568 0.166875 0.104323
0 0.857187 0.630639 0.116875 0.067670
0 0.900312 0.593045 0.181875 0.088346
2 0.325209 0.786111 0.053313 0.074444
2 0.714775 0.701111 0.029703 0.044444
2 0.774562 0.656111 0.024372 0.036667
2 0.870906 0.649444 0.022087 0.034444
1 0.178599 0.633889 0.124143 0.150000
1 0.493526 0.639444 0.074638 0.098889
1 0.564356 0.637222 0.068545 0.070000
1 0.621478 0.612222 0.063976 0.071111
1 0.701066 0.579444 0.047982 0.058889
1 0.681645 0.580000 0.047220 0.048889
1 0.757807 0.566667 0.050267 0.046667
1 0.795887 0.564444 0.038081 0.044444
1 0.846154 0.552222 0.036558 0.040000
1 0.271516 0.813333 0.246002 0.271111