0 0.578646 0.622188 0.842707 0.303125
0 0.585796 0.169375 0.315538 0.125000
0 0.778837 0.334063 0.299332 0.095625
2 0.718964 0.686667 0.130998 0.191111
4 0.496192 0.752778 0.375476 0.370000
1 0.342727 0.770000 0.636710 0.440000
1 0.331683 0.441111 0.349581 0.197778
1 0.465727 0.117222 0.165270 0.116667
1 0.387662 0.316111 0.383854 0.323333
1 0.671363 0.206667 0.095202 0.051111
1 0.657654 0.319444 0.118050 0.065556
4 0.702589 0.400000 0.154608 0.122222
2 0.777989 0.359444 0.034273 0.056667
0 0.773800 0.311111 0.201066 0.142222
4 0.685834 0.292222 0.177456 0.077778
4 0.490099 0.246667 0.215537 0.177778
2 0.600533 0.202778 0.049505 0.081111
1 0.667936 0.437778 0.179741 0.162222