0 0.358132 0.533940 0.356401 0.445364
0 0.755478 0.418874 0.352941 0.122516
1 0.622620 0.305000 0.087586 0.105556
1 0.578827 0.343333 0.062452 0.068889
1 0.640137 0.488889 0.153085 0.255556
1 0.569307 0.491667 0.099772 0.205556
1 0.225057 0.586667 0.291698 0.537778
1 0.289033 0.166111 0.178979 0.167778
4 0.288271 0.623333 0.296268 0.337778
2 0.295126 0.582778 0.093679 0.181111
2 0.357578 0.742222 0.052551 0.153333
1 0.159558 0.932778 0.150038 0.132222
0 0.132140 0.965000 0.087586 0.067778
4 0.632902 0.477778 0.143184 0.177778
2 0.706778 0.450556 0.051790 0.094444
4 0.523991 0.505556 0.056359 0.180000
0 0.521325 0.551667 0.040366 0.256667