0 0.159687 0.411654 0.088125 0.338346
0 0.365625 0.229793 0.061250 0.094925
1 0.699162 0.253889 0.108149 0.107778
1 0.322163 0.187222 0.079208 0.081111
1 0.148515 0.153333 0.094440 0.075556
1 0.098248 0.333889 0.173648 0.263333
2 0.133283 0.407778 0.050267 0.053333
2 0.776466 0.435556 0.041889 0.086667
4 0.675171 0.448333 0.175933 0.196667
1 0.652704 0.452222 0.156893 0.277778
0 0.813404 0.395556 0.322925 0.180000
4 0.345773 0.295000 0.111196 0.141111
1 0.280655 0.342222 0.142422 0.231111
2 0.244097 0.374444 0.058644 0.097778
2 0.025133 0.356111 0.041127 0.110000
0 0.259330 0.540000 0.051028 0.082222
1 0.281036 0.526667 0.071592 0.131111
1 0.424981 0.345000 0.085301 0.172222
0 0.565118 0.581111 0.036558 0.137778
1 0.578446 0.586667 0.047982 0.115556