0 0.518437 0.530488 0.811875 0.406192
1 0.553313 0.305000 0.025133 0.032222
1 0.549886 0.354444 0.047220 0.071111
1 0.153085 0.287222 0.021325 0.025556
1 0.352247 0.164444 0.223153 0.206667
1 0.263138 0.642778 0.440975 0.661111
2 0.546078 0.595000 0.112719 0.243333
1 0.703732 0.316111 0.018279 0.025556
1 0.628332 0.314444 0.019802 0.024444
1 0.619573 0.355000 0.038842 0.065556
1 0.700685 0.352222 0.044174 0.060000
0 0.569389 0.356762 0.043007 0.051601
0 0.633357 0.358244 0.025660 0.055753
4 0.622696 0.347272 0.030358 0.038553
4 0.550596 0.346679 0.036502 0.039739
4 0.691362 0.353203 0.031803 0.030249
0 0.704915 0.362989 0.016263 0.056940
0 0.822000 0.368559 0.037333 0.041508
0 0.848667 0.352815 0.025333 0.048187
0 0.862000 0.361403 0.024000 0.048187
1 0.811667 0.364265 0.034667 0.055821
1 0.813000 0.327767 0.020667 0.029580
1 0.843667 0.313693 0.020667 0.026240
1 0.861833 0.321565 0.019000 0.023855
1 0.841333 0.346374 0.024667 0.052481
1 0.861833 0.354246 0.031000 0.052004
4 0.262420 0.530374 0.428025 0.394860
1 0.153503 0.350467 0.054777 0.088785