0 0.569688 0.703906 0.514375 0.285937
2 0.525796 0.879673 0.145860 0.235981
2 0.450318 0.877921 0.145223 0.232477
2 0.383121 0.883178 0.135669 0.224299
2 0.291720 0.889019 0.138854 0.219626
2 0.205732 0.892523 0.138854 0.210280
2 0.114331 0.887850 0.131847 0.207944
2 0.037261 0.891939 0.074522 0.209112
2 0.308280 0.838785 0.107006 0.198598
2 0.226115 0.844626 0.115924 0.196262
2 0.162420 0.853388 0.098089 0.190421
2 0.074841 0.866238 0.103822 0.216121
2 0.085669 0.790304 0.097452 0.155374
3 0.570701 0.876752 0.066242 0.232477
3 0.490127 0.853388 0.070701 0.171729
3 0.408599 0.869743 0.077070 0.183411
3 0.318471 0.860397 0.077707 0.146028
3 0.231847 0.869159 0.084076 0.149533
3 0.135669 0.873248 0.085350 0.150701
3 0.038854 0.882009 0.077707 0.228972
3 0.089490 0.758178 0.077070 0.086449
3 0.172293 0.783294 0.079618 0.054907
3 0.249682 0.771028 0.075159 0.060748
3 0.327070 0.757593 0.074522 0.057243
1 0.322293 0.520444 0.282803 0.456776