0 0.172813 0.486867 0.104375 0.264540
0 0.335938 0.648218 0.053125 0.069419
0 0.352500 0.274860 0.052500 0.120075
0 0.385313 0.638367 0.061875 0.137899
0 0.817813 0.580676 0.080625 0.318949
2 0.808917 0.621495 0.036943 0.088785
4 0.811465 0.519276 0.070064 0.122664
1 0.895541 0.421729 0.087898 0.102804
1 0.885350 0.579439 0.165605 0.238318
1 0.804777 0.255257 0.054140 0.064252
1 0.727070 0.330023 0.064331 0.092290
1 0.674841 0.491238 0.125478 0.260514
4 0.749363 0.471963 0.134395 0.140187
0 0.785987 0.429322 0.119745 0.234813
1 0.835350 0.348131 0.124204 0.175234
2 0.162102 0.514019 0.040127 0.058411
4 0.149682 0.472547 0.119745 0.153037
1 0.151911 0.431659 0.124204 0.260514
1 0.145860 0.264019 0.075159 0.091121
1 0.344268 0.151869 0.032484 0.037383
1 0.347134 0.234813 0.057325 0.123832
4 0.321338 0.228388 0.032484 0.099299
2 0.336306 0.278621 0.024204 0.038551
1 0.523248 0.283879 0.047771 0.046729
1 0.483121 0.360981 0.075796 0.114486
0 0.535350 0.505257 0.110191 0.174065
1 0.457962 0.651869 0.103185 0.147196
1 0.479618 0.535047 0.054777 0.077103
1 0.385669 0.460280 0.060510 0.058411
1 0.379299 0.437500 0.051592 0.045561
0 0.301911 0.580023 0.073885 0.096963
4 0.410191 0.663551 0.068790 0.093458