0 0.304688 0.126389 0.017188 0.041667
0 0.369141 0.175000 0.024219 0.044444
0 0.401562 0.249306 0.045312 0.062500
0 0.521484 0.604167 0.032031 0.050000
4 0.421851 0.246528 0.059876 0.087500
1 0.491835 0.243056 0.080093 0.213889
1 0.414075 0.156944 0.064541 0.150000
4 0.380249 0.158333 0.032659 0.080556
4 0.310264 0.114583 0.032659 0.059722
1 0.328927 0.115972 0.057543 0.123611
1 0.077372 0.416667 0.129860 0.269444
0 0.133748 0.438194 0.027994 0.104167
4 0.124417 0.384722 0.071540 0.166667
1 0.487947 0.310417 0.042768 0.051389