0 0.398047 0.250694 0.033594 0.048611
0 0.523047 0.602778 0.030469 0.047222
0 0.287500 0.136806 0.015625 0.037500
0 0.376563 0.169444 0.029688 0.044444
4 0.114062 0.385417 0.084375 0.187500
1 0.425000 0.179861 0.053125 0.165278
1 0.319531 0.164583 0.056250 0.140278
0 0.125194 0.450000 0.037325 0.105556
1 0.076594 0.429167 0.128305 0.263889
4 0.298600 0.134028 0.037325 0.068056
4 0.393857 0.160417 0.044323 0.076389
4 0.417574 0.250000 0.049767 0.069444
1 0.493002 0.241667 0.080871 0.208333
1 0.487170 0.310417 0.038103 0.045833