0 0.525000 0.607639 0.031250 0.051389
0 0.312109 0.200694 0.022656 0.043056
0 0.365234 0.163889 0.022656 0.044444
0 0.383984 0.261111 0.038281 0.058333
1 0.479393 0.245139 0.078538 0.212500
1 0.408631 0.168056 0.058320 0.144444
1 0.358087 0.164583 0.050544 0.129167
4 0.409798 0.257639 0.055988 0.073611
4 0.380249 0.168056 0.034215 0.080556
4 0.323095 0.186111 0.030327 0.061111
4 0.184292 0.339583 0.057543 0.118056
1 0.148523 0.340278 0.115086 0.241667
0 0.197512 0.391667 0.040435 0.086111
1 0.472784 0.314583 0.037325 0.048611