0 0.419141 0.418750 0.024219 0.059722
0 0.423438 0.244444 0.032812 0.055556
0 0.391016 0.250000 0.033594 0.055556
1 0.487109 0.533333 0.039844 0.069444
1 0.064930 0.449306 0.128305 0.162500
1 0.052488 0.523611 0.062986 0.094444
4 0.449067 0.403472 0.073872 0.137500
1 0.571151 0.506250 0.036547 0.101389
1 0.517496 0.408333 0.114308 0.233333
4 0.444012 0.232639 0.054432 0.095833
4 0.404355 0.221528 0.045101 0.076389
1 0.491446 0.209722 0.079316 0.138889
1 0.524106 0.266667 0.029549 0.052778
1 0.452566 0.209722 0.057543 0.147222