0 0.371484 0.176389 0.024219 0.038889
0 0.405859 0.159722 0.033594 0.041667
0 0.385156 0.256944 0.031250 0.063889
0 0.523047 0.605556 0.030469 0.044444
1 0.484766 0.320139 0.060156 0.070833
1 0.484837 0.254861 0.067652 0.209722
1 0.458398 0.167361 0.059876 0.173611
1 0.423795 0.154167 0.055988 0.155556
4 0.426128 0.164583 0.040435 0.073611
4 0.383748 0.170139 0.033437 0.081944
4 0.405521 0.254167 0.048989 0.075000
0 0.269051 0.376389 0.024883 0.063889
1 0.216952 0.335417 0.105754 0.170833
1 0.195179 0.404167 0.026439 0.038889