0 0.383203 0.443056 0.036719 0.063889
0 0.505469 0.286111 0.035937 0.058333
1 0.080469 0.594444 0.045312 0.097222
1 0.597266 0.318056 0.035156 0.091667
1 0.704297 0.297917 0.035156 0.093056
1 0.081260 0.511806 0.126750 0.181944
4 0.404355 0.438889 0.073095 0.147222
4 0.519829 0.266667 0.064541 0.100000
1 0.576983 0.239583 0.068429 0.179167
1 0.681571 0.226389 0.089425 0.163889
4 0.621306 0.259028 0.068429 0.131944
0 0.601089 0.289583 0.052877 0.059722
1 0.533048 0.538194 0.036547 0.084722
1 0.444401 0.593750 0.034992 0.098611
1 0.464230 0.435417 0.108865 0.234722