0 0.524609 0.602778 0.032031 0.044444
0 0.385547 0.256944 0.032031 0.050000
0 0.365234 0.182639 0.025781 0.040278
0 0.406250 0.167361 0.031250 0.040278
1 0.207621 0.338889 0.113530 0.194444
4 0.243779 0.339583 0.061431 0.151389
4 0.409020 0.251389 0.059098 0.069444
4 0.419518 0.161111 0.034992 0.063889
4 0.380249 0.172222 0.034215 0.072222
1 0.410964 0.154861 0.039658 0.126389
1 0.452177 0.159722 0.050544 0.147222
1 0.481726 0.256944 0.084759 0.205556
1 0.475894 0.323611 0.045101 0.072222
1 0.179238 0.413194 0.030327 0.051389