1 0.083984 0.588889 0.042969 0.075000
0 0.528906 0.296528 0.039062 0.048611
0 0.403125 0.454861 0.032813 0.065278
1 0.084370 0.511806 0.128305 0.179167
1 0.487558 0.459722 0.118196 0.277778
1 0.458398 0.602778 0.045879 0.102778
1 0.541602 0.564583 0.042768 0.115278
4 0.413686 0.444444 0.063764 0.155556
4 0.545490 0.286111 0.075428 0.100000
4 0.640747 0.256250 0.074650 0.120833
1 0.700233 0.227083 0.089425 0.168056
1 0.718507 0.306250 0.037325 0.073611
1 0.617807 0.348611 0.041213 0.075000
1 0.617030 0.258333 0.067652 0.166667