0 0.522656 0.606944 0.029688 0.055556
0 0.377344 0.265972 0.031250 0.045833
0 0.391797 0.152083 0.039844 0.059722
0 0.282031 0.175694 0.032813 0.045833
1 0.077372 0.421528 0.129860 0.273611
0 0.131804 0.504167 0.039658 0.069444
4 0.117418 0.452778 0.074650 0.188889
4 0.406299 0.256944 0.067652 0.086111
4 0.395801 0.145833 0.035770 0.080556
4 0.288880 0.155556 0.027216 0.055556
1 0.475894 0.249306 0.065319 0.215278
1 0.433126 0.161806 0.074650 0.162500
1 0.319207 0.147222 0.064541 0.136111
1 0.467341 0.317361 0.041991 0.043056