0 0.522266 0.606250 0.030469 0.051389
0 0.381250 0.265972 0.037500 0.054167
0 0.375000 0.155556 0.032813 0.058333
0 0.289453 0.182639 0.024219 0.037500
4 0.166019 0.409722 0.059876 0.186111
0 0.180016 0.469444 0.038103 0.094444
1 0.128694 0.376389 0.109642 0.244444
4 0.408243 0.257639 0.069984 0.095833
4 0.388414 0.150000 0.045879 0.102778
4 0.303266 0.159722 0.034215 0.072222
1 0.336703 0.147222 0.066874 0.133333
1 0.414075 0.158333 0.062986 0.133333
1 0.473950 0.252778 0.084759 0.208333
1 0.472006 0.319444 0.041991 0.047222