0 0.391797 0.263194 0.028906 0.062500
0 0.317188 0.103472 0.023438 0.037500
0 0.522266 0.599306 0.035156 0.068056
0 0.144141 0.411111 0.025781 0.072222
1 0.422656 0.177083 0.067187 0.193056
4 0.134137 0.355556 0.066096 0.127778
1 0.086703 0.411806 0.126750 0.243056
4 0.410575 0.257639 0.054432 0.065278
4 0.323872 0.100694 0.033437 0.048611
0 0.362364 0.174306 0.027994 0.059722
4 0.368585 0.143750 0.035770 0.073611
1 0.489114 0.250000 0.083981 0.205556
1 0.339425 0.102083 0.042768 0.106944
1 0.482115 0.313194 0.041991 0.045833