0 0.287500 0.175000 0.025000 0.038889
0 0.378516 0.151389 0.022656 0.038889
0 0.373828 0.267361 0.035156 0.051389
0 0.523438 0.602778 0.029688 0.041667
0 0.158243 0.506250 0.031882 0.079167
4 0.151244 0.437500 0.059876 0.172222
1 0.103810 0.401389 0.120529 0.238889
1 0.469673 0.240278 0.082426 0.202778
1 0.421851 0.160417 0.069207 0.151389
1 0.321928 0.148611 0.073095 0.136111
4 0.294712 0.146528 0.045101 0.070833
4 0.399300 0.147917 0.039658 0.087500
4 0.398523 0.264583 0.059876 0.093056
1 0.466174 0.318750 0.039658 0.048611