0 0.325391 0.188889 0.024219 0.036111
0 0.367969 0.163194 0.021875 0.040278
0 0.386328 0.258333 0.033594 0.058333
0 0.523438 0.603472 0.034375 0.048611
4 0.201953 0.233333 0.075781 0.133333
0 0.229393 0.281944 0.034215 0.063889
1 0.174184 0.318750 0.129082 0.254167
1 0.412908 0.156250 0.055988 0.131944
1 0.373639 0.158333 0.050544 0.138889
4 0.385303 0.159722 0.039658 0.069444
4 0.338258 0.189583 0.032659 0.068056
4 0.402799 0.261806 0.043546 0.079167
1 0.478227 0.243750 0.074650 0.193056
1 0.476283 0.315972 0.047434 0.051389