0 0.299219 0.195139 0.023438 0.043056
0 0.366406 0.159722 0.029687 0.047222
0 0.382031 0.263194 0.032813 0.051389
0 0.521094 0.606250 0.031250 0.045833
1 0.478616 0.238194 0.073872 0.190278
1 0.414075 0.151389 0.053655 0.138889
1 0.349922 0.159722 0.054432 0.130556
4 0.316096 0.179167 0.042768 0.077778
4 0.381026 0.158333 0.037325 0.072222
4 0.406299 0.257639 0.050544 0.076389
4 0.174184 0.356250 0.057543 0.145833
0 0.187792 0.423611 0.044323 0.102778
1 0.141524 0.347222 0.116641 0.244444
1 0.476672 0.315278 0.038880 0.055556